16666666
14272555901868	14272561617366	14272559175517
14272593214368	14272611694463	14272609200125
14272609830897	14272627643500	14272625871007
14272626748141	14272644767873	14272642518895
14272643597598	14272661618211	14272659200648
14272660434482	14272678134062	14272675863244
14272677174633	14272694961137	14272692529527
14272693778490	14272711917173	14272709190781
14272710459019	14272728426262	14272725870259
14272727043469	14272744847947	14272742541401
14272743895420	14272761566869	14272759196284
14272760794701	14272778188418	14272775881923
14272777350667	14272794588602	14272792478004
14272793390766	14272811398736	14272809178101
0	14276494272300	14276492598822
14276526748400	14276544259518	14276542498285
14276543569413	14276560843898	14276559189585
14276560138765	14276577419220	14276575826854
14276577363656	14276593973673	14276592479963
14276593337040	14276610969324	14276609155142
14276610234065	14276627415756	14276625845080
14276626753383	14276644203216	14276642485595
14276643572283	14276663809483	14276659163049
14276662130414	14276677073756	14276675845162
14276677106939	14276694390178	14276692538276
14276693753555	14276711339622	14276709218565
14276710575660	14276729253806	14276725859702
14276728594039	14276744024595	14276742533389
0	14278594120656	14278592540913
14281055424255	14281061425319	14281059202019
14281093504114	14281111872509	14281109209906
14281110673741	14281128398009	14281125854980
14281127081229	14281144718574	14281142536632
14281143840166	14281161746054	14281159187857
14281160576110	14281178354910	14281175900447
14281177181830	14281194708797	14281192513661
14281193806125	14281211461332	14281209180696
14281210569549	14281227930225	14281225844854
14281227045846	14281244818735	14281242520776
14281243900263	14281265361047	14281259197088
14281262661966	14281278097100	14281275854765
14281276802042	14281294022403	14281292502473
14281293278779	14281311001814	14281309182022
0	14285010751916	14285009183294
14285043192430	14285060930453	14285059177736
14285060202948	14285077207226	14285075819283
14285076560313	14285093895911	14285092487159
14285093215595	14285110536947	14285109148052
14285109961388	14285127409407	14285125832459
14285126699265	14285144067394	14285142496038
14285143356512	14285160489610	14285159149708
14285159794457	14285177308279	14285175816752
14285176625278	14285194326201	14285192509064
14285193499802	14285210756953	14285209155209
14285210070165	14285227307099	14285225841781
14285226675094	14285243938407	14285242485582
14285243286273	14285260144025	14285259153127
14288734540406	14288744035482	14288742512595
14288776657937	14288794287506	14288792516876
14288793378892	14288810010189	14288809178951
14288810058931	14288827621074	14288825848610
14288826655013	14288845807939	14288842511628
14288844888955	14288861046665	14288859179925
14288860123835	14288877739939	14288875858791
14288876792533	14288894347873	14288892515297
14288893421385	14288911117029	14288909171832
14288910148913	14288927638481	14288925843395
14288926725709	14288944340601	14288942516490
14288943436686	14288961028725	14288959177164
14288960103921	14288977635507	14288975857483
14288976648837	14288993888084	14288992505222
14290351262565	14290361244022	14290359198817
14290393197422	14290411336157	14290409177489
14290410382348	14290428109221	14290425815609
14290426794095	14290444586289	14290442486531
14290443604979	14290461476281	14290459163715
14290460085845	14290477748776	14290475851068
14290476674422	14290494370837	14290492512582
14290493355032	14290511927810	14290509164288
14290509857388	14290527634303	14290525841692
14290526656500	14290544584920	14290542484692
14290543150821	14290561218221	14290559154291
14290559816383	14290577053797	14290575809975
14290576435958	14290594139988	14290592471639
14290593067837	14290610386323	14290609134055
14293934191028	14293944180902	14293942484551
14293976564448	14293995768591	14293992496135
14293993643776	14294011241115	14294009145646
14294010255938	14294027859309	14294025831215
14294026745630	14294043980049	14294042487730
14294043547969	14294062282120	14294059166858
14294060964058	14294079152977	14294075852027
14294076789154	14294094351077	14294092488153
14294093768424	14294118651896	14294109200483
14294117754103	14294127880573	14294125829166
14294126895666	14294145785618	14294142550331
14294143245134	14294161222557	14294159198611
14294160218294	14294179112113	14294175904458
14294176511857	14294194374545	14294192508024
14295568930985	14295577994301	14295575887299
14295610152495	14295627849040	14295625848969
14295627745677	14295644453778	14295642511666
14295643665089	14295661537253	14295659186396
14295660139623	14295678082691	14295675909204
14295677511970	14295695434830	14295692501759
14295693376831	14295717617878	14295709151742
14295715280165	14295728435844	14295725858451
14295726974784	14295745122856	14295742554831
14295743871160	14295760542302	14295759174617
14295760060739	14295779558602	14295775918236
14295776467675	14295795481070	14295792491564
14295793340546	14295812158765	14295809153620
14295810109893	14295827421717	14295825830473
14299151396441	14299160722439	14299159149018
14299193276896	14299211107192	14299209167235
14299210221572	14299227045801	14299225841412
14299226504005	14299243676067	14299242486165
14299243204923	14299260100356	14299259148952
14299259893548	14299276999316	14299275806428
14299276436149	14299299045498	14299292503179
14299293143310	14299310931086	14299309148082
14299309915711	14299327691937	14299325835315
14299326816565	14299344421629	14299342508161
14299343540837	14299361739313	14299359160938
14299360281179	14299377682891	14299375838152
14299376786670	14299394207258	14299392485249
14299393177518	14299410384094	14299409163164

