16666666
0	0	0
0	0	0
0	0	0
0	0	0
0	0	0
0	0	0
0	0	0
0	0	0
0	0	0
0	0	0
0	0	0
0	0	0
0	0	0
0	0	0
0	0	0
0	0	0
0	0	0
0	0	0
0	0	0
0	0	0
0	0	0
0	0	0
0	0	0
0	0	0
0	0	0
0	0	0
0	0	0
0	0	0
0	0	0
0	0	0
0	0	0
0	0	0
0	0	0
0	0	0
0	0	0
0	0	0
0	0	0
0	0	0
0	0	0
0	0	0
0	0	0
0	0	0
0	0	0
0	0	0
0	0	0
0	0	0
0	0	0
0	0	0
0	0	0
0	0	0
0	0	0
0	0	0
0	0	0
0	0	0
0	0	0
0	0	0
0	0	0
0	0	0
0	0	0
0	0	0
0	0	0
0	0	0
0	0	0
0	0	0
0	0	0
0	0	0
0	0	0
0	0	0
0	0	0
0	0	0
0	0	0
0	0	0
0	0	0
0	0	0
0	0	0
0	0	0
0	0	0
0	0	0
0	0	0
0	0	0
0	0	0
0	0	0
0	0	0
0	0	0
0	0	0
0	13534077595986	13534075901858
13534110260409	13534127921147	13534125921217
13534127352551	13534144722123	13534142585226
13534143767763	13534161278460	13534159240308
13534160308672	13534177897214	13534175893466
13534176941852	13534194690054	13534192578735
13534193752327	13534211345548	13534209233618
13534210381139	13534227891405	13534225887938
13534226913572	13534244976624	13534242587604
13534243404596	13534261101763	13534259209283
13534261185961	13534277747197	13534275907276
13534277361323	13534294961778	13534292555856
13534294048105	13534311428367	13534309230596
13534310542626	13534327789238	13534325894855
0	13548544221461	13548542547693
13548576478742	13548597270050	13548592556381
13548594859961	13548611036055	13548609210361
13548610124084	13548627702679	13548625853551
13548626733902	13548644422653	13548642539050
13548643476107	13548662364047	13548659185136
13548660243741	13548677812336	13548675841540
13548676841486	13548694355389	13548692514566
13548693419413	13548711017924	13548709203212
13548710004354	13548727663229	13548725849918
13548726709440	13548744455879	13548742523845
13548743516868	13548761050527	13548759181162
13548760107699	13548777293277	13548775860751
13548777834161	13548793889709	13548792516945
0	13552111383880	13552109246863
13552143454470	13552161756331	13552159295195
13552160871832	13552178042150	13552175897389
13552177084444	13552194691111	13552192564163
13552193783890	13552211341845	13552209232069
13552210437560	13552228241295	13552225908461
13552227350235	13552244379438	13552242574243
13552243973167	13552261721249	13552259334543
13552260802475	13552278150457	13552275916368
13552277209473	13552294836648	13552292573103
13552293952951	13552311573944	13552309279011
13552310652837	13552328218957	13552325926599
13552327297349	13552344713288	13552342582242
13552343826836	13552360950497	13552359253926

