0.0 0 1.00
16.7 0 1.00
33.3 0 1.00
50.0 0 1.00
66.7 0 1.00
83.3 0 1.00
100.0 0 1.00
116.7 0 1.00
133.3 0 1.00
150.0 0 1.00
166.7 0 1.00
183.3 0 1.00
200.0 0 1.00
216.7 0 1.00
233.3 0 1.00
250.0 0 1.00
266.7 0 1.00
283.3 0 1.00
300.0 0 1.00
316.7 0 1.00
333.3 0 1.00
350.0 0 1.00
366.7 0 1.00
383.3 0 1.00
400.0 0 1.00
416.7 0 1.00
433.3 0 1.00
450.0 0 1.00
466.7 0 1.00
483.3 0 1.00
500.0 0 1.00
516.7 0 1.00
533.3 0 1.00
550.0 0 1.00
566.7 0 1.00
583.3 0 1.00
600.0 0 1.00
616.7 0 1.00
633.3 0 1.00
650.0 0 1.00
666.7 0 1.00
683.3 0 1.00
700.0 0 1.00
716.7 0 1.00
733.3 0 1.00
750.0 0 1.00
766.7 0 1.00
783.3 0 1.00
800.0 0 1.00
816.7 0 1.00
833.3 0 1.00
850.0 0 1.00
866.7 0 1.00
883.3 0 1.00
900.0 0 1.00
916.7 0 1.00
933.3 0 1.00
950.0 0 1.00
966.7 0 1.00
983.3 0 1.00
1000.0 0 1.00
1016.7 0 1.00
1033.3 0 1.00
1050.0 0 1.00
1066.7 0 1.00
1083.3 0 1.00
1100.0 0 1.00
1116.7 0 1.00
1133.3 12 0.89
1150.0 44 0.75
1166.7 92 0.64
1183.3 149 0.53
1200.0 220 0.43
1216.7 300 0.33
1233.3 384 0.25
1250.0 921 0.00
1266.7 921 0.00
1283.3 921 0.00
1300.0 921 0.00
1316.7 921 0.00
1333.3 921 0.00
1350.0 921 0.00
1366.7 921 0.00
1383.3 921 0.00
1400.0 921 0.00
1416.7 921 0.00
1433.3 921 0.00
1450.0 921 0.00
1466.7 921 0.00
1483.3 921 0.00
1500.0 921 0.00
1516.7 921 0.00
1533.3 921 0.00
1550.0 921 0.00
1566.7 921 0.00
1583.3 921 0.00
1600.0 921 0.00
1616.7 921 0.00
1633.3 921 0.00
1650.0 921 0.00
1666.7 921 0.00
1683.3 921 0.00
1700.0 921 0.00
1716.7 921 0.00
1733.3 921 0.00
1750.0 921 0.00
1766.7 921 0.00
1783.3 921 0.00
1800.0 921 0.00
1816.7 921 0.00
1833.3 921 0.00
1850.0 921 0.00
1866.7 921 0.00
1883.3 921 0.00
1900.0 921 0.00
1916.7 921 0.00
1933.3 921 0.00
1950.0 921 0.00
1966.7 921 0.00
1983.3 921 0.00
2000.0 921 0.00
2016.7 921 0.00
2033.3 921 0.00
2050.0 921 0.00
2066.7 921 0.00
2083.3 921 0.00
2100.0 921 0.00
2116.7 921 0.00
2133.3 921 0.00
2150.0 921 0.00
2166.7 921 0.00
2183.3 921 0.00
2200.0 921 0.00
2216.7 921 0.00
2233.3 921 0.00
2250.0 921 0.00
2266.7 921 0.00
2283.3 921 0.00
2300.0 921 0.00
2316.7 921 0.00
2333.3 921 0.00
2350.0 921 0.00
2366.7 921 0.00
2383.3 921 0.00
2400.0 921 0.00
2416.7 921 0.00
2433.3 921 0.00
2450.0 921 0.00
2466.7 921 0.00
2483.3 921 0.00
2500.0 921 0.00
2516.7 921 0.00
2533.3 921 0.00
2550.0 921 0.00
2566.7 921 0.00
2583.3 921 0.00
2600.0 921 0.00
2616.7 921 0.00
2633.3 921 0.00
2650.0 921 0.00
2666.7 921 0.00
2683.3 921 0.00
2700.0 921 0.00
2716.7 921 0.00
2733.3 921 0.00
2750.0 921 0.00
2766.7 921 0.00
2783.3 921 0.00
2800.0 921 0.00
2816.7 921 0.00
2833.3 921 0.00
2850.0 921 0.00
2866.7 921 0.00
2883.3 921 0.00
2900.0 921 0.00
2916.7 921 0.00
2933.3 921 0.00
2950.0 921 0.00
2966.7 921 0.00
2983.3 921 0.00
3000.0 921 0.00
3016.7 921 0.00
3033.3 921 0.00
3050.0 921 0.00
3066.7 921 0.00
3083.3 921 0.00
3100.0 921 0.00
3116.7 921 0.00
3133.3 921 0.00
3150.0 921 0.00
3166.7 921 0.00
3183.3 921 0.00
3200.0 921 0.00
3216.7 921 0.00
3233.3 921 0.00
3250.0 921 0.00
3266.7 921 0.00
3283.3 921 0.00
3300.0 921 0.00
3316.7 921 0.00
3333.3 921 0.00
3350.0 921 0.00
3366.7 921 0.00
3383.3 921 0.00
3400.0 921 0.00
3416.7 921 0.00
3433.3 921 0.00
3450.0 921 0.00
3466.7 921 0.00
3483.3 921 0.00
3500.0 921 0.00
3516.7 921 0.00
3533.3 921 0.00
3550.0 921 0.00
3566.7 921 0.00
3583.3 921 0.00
3600.0 921 0.00
3616.7 921 0.00
3633.3 921 0.00
3650.0 921 0.00
3666.7 921 0.00
3683.3 921 0.00
3700.0 921 0.00
3716.7 921 0.00
3733.3 921 0.00
3750.0 921 0.00
3766.7 921 0.00
3783.3 921 0.00
3800.0 921 0.00
3816.7 921 0.00
3833.3 921 0.00
3850.0 921 0.00
3866.7 921 0.00
3883.3 921 0.00
3900.0 921 0.00
3916.7 921 0.00
3933.3 921 0.00
3950.0 921 0.00
3966.7 921 0.00
3983.3 921 0.00
4000.0 921 0.00
4016.7 921 0.00
4033.3 921 0.00
4050.0 921 0.00
4066.7 921 0.00
4083.3 921 0.00
4100.0 921 0.00
4116.7 921 0.00
4133.3 921 0.00
4150.0 921 0.00
4166.7 921 0.00
4183.3 921 0.00
4200.0 921 0.00
4216.7 921 0.00
4233.3 921 0.00
4250.0 921 0.00
4266.7 921 0.00
4283.3 921 0.00
4300.0 921 0.00
4316.7 921 0.00
4333.3 921 0.00
4350.0 921 0.00
4366.7 921 0.00
4383.3 921 0.00
4400.0 921 0.00
4416.7 921 0.00
4433.3 921 0.00
4450.0 921 0.00
4466.7 921 0.00
4483.3 921 0.00
4500.0 921 0.00
4516.7 921 0.00
4533.3 921 0.00
4550.0 921 0.00
4566.7 921 0.00
4583.3 921 0.00
4600.0 921 0.00
4616.7 921 0.00
4633.3 921 0.00
4650.0 921 0.00
4666.7 921 0.00
4683.3 921 0.00
4700.0 921 0.00
4716.7 921 0.00
4733.3 921 0.00
4750.0 921 0.00
4766.7 921 0.00
4783.3 921 0.00
4800.0 921 0.00
4816.7 921 0.00
4833.3 921 0.00
4850.0 921 0.00
4866.7 921 0.00
4883.3 921 0.00
4900.0 921 0.00
4916.7 921 0.00
hide_start_ms=1133.3
hide_ms=116.7
alpha_at_start=0.89 alpha_mid=0.53
motion_window_s=1.1333 1.2500
