0.0 921 1.426 0.00
16.7 921 1.426 0.00
33.3 921 1.426 0.00
50.0 921 1.426 0.00
66.7 921 1.426 0.00
83.3 921 1.426 0.00
100.0 921 1.426 0.00
116.7 921 1.426 0.00
133.3 921 1.426 0.00
150.0 921 1.426 0.00
166.7 921 1.426 0.00
183.3 921 1.426 0.00
200.0 921 1.426 0.00
216.7 921 1.426 0.00
233.3 921 1.426 0.00
250.0 921 1.426 0.00
266.7 921 1.426 0.00
283.3 921 1.426 0.00
300.0 921 1.426 0.00
316.7 921 1.426 0.00
333.3 921 1.426 0.00
350.0 921 1.426 0.00
366.7 921 1.426 0.00
383.3 921 1.426 0.00
400.0 921 1.426 0.00
416.7 921 1.426 0.00
433.3 921 1.426 0.00
450.0 921 1.426 0.00
466.7 921 1.426 0.00
483.3 921 1.426 0.00
500.0 921 1.426 0.00
516.7 921 1.426 0.00
533.3 921 1.426 0.00
550.0 921 1.426 0.00
566.7 921 1.426 0.00
583.3 921 1.426 0.00
600.0 921 1.426 0.00
616.7 921 1.426 0.00
633.3 921 1.426 0.00
650.0 921 1.426 0.00
666.7 921 1.426 0.00
683.3 921 1.426 0.00
700.0 921 1.426 0.00
716.7 921 1.426 0.00
733.3 921 1.426 0.00
750.0 921 1.426 0.00
766.7 921 1.426 0.00
783.3 921 1.426 0.00
800.0 921 1.426 0.00
816.7 921 1.426 0.00
833.3 921 1.426 0.00
850.0 921 1.426 0.00
866.7 921 1.426 0.00
883.3 921 1.426 0.00
900.0 921 1.426 0.00
916.7 921 1.426 0.00
933.3 921 1.426 0.00
950.0 921 1.426 0.00
966.7 921 1.426 0.00
983.3 921 1.426 0.00
1000.0 921 1.426 0.00
1016.7 921 1.426 0.00
1033.3 921 1.426 0.00
1050.0 921 1.426 0.00
1066.7 921 1.426 0.00
1083.3 921 1.426 0.00
1100.0 921 1.426 0.00
1116.7 921 1.426 0.00
1133.3 921 1.426 0.00
1150.0 921 1.426 0.00
1166.7 921 1.426 0.00
1183.3 921 1.426 0.00
1200.0 921 1.426 0.00
1216.7 921 1.426 0.00
1233.3 921 1.426 0.00
1250.0 921 1.426 0.00
1266.7 921 1.426 0.00
1283.3 921 1.426 0.00
1300.0 921 1.426 0.00
1316.7 921 1.426 0.00
1333.3 519 0.803 0.33
1350.0 391 0.605 0.50
1366.7 294 0.455 0.67
1383.3 213 0.330 0.84
1400.0 149 0.231 1.00
1416.7 101 0.156 1.00
1433.3 62 0.096 1.00
1450.0 34 0.053 1.00
1466.7 16 0.025 1.00
1483.3 4 0.006 1.00
1500.0 0 0.000 1.00
1516.7 0 0.000 1.00
1533.3 0 0.000 1.00
1550.0 0 0.000 1.00
1566.7 0 0.000 1.00
1583.3 0 0.000 1.00
1600.0 0 0.000 1.00
1616.7 0 0.000 1.00
1633.3 0 0.000 1.00
1650.0 0 0.000 1.00
1666.7 0 0.000 1.00
1683.3 0 0.000 1.00
1700.0 0 0.000 1.00
1716.7 0 0.000 1.00
1733.3 0 0.000 1.00
1750.0 0 0.000 1.00
1766.7 0 0.000 1.00
1783.3 0 0.000 1.00
1800.0 0 0.000 1.00
1816.7 0 0.000 1.00
1833.3 0 0.000 1.00
1850.0 0 0.000 1.00
1866.7 0 0.000 1.00
1883.3 0 0.000 1.00
1900.0 0 0.000 1.00
1916.7 0 0.000 1.00
1933.3 0 0.000 1.00
1950.0 0 0.000 1.00
1966.7 0 0.000 1.00
1983.3 0 0.000 1.00
2000.0 0 0.000 1.00
2016.7 0 0.000 1.00
2033.3 0 0.000 1.00
2050.0 0 0.000 1.00
2066.7 0 0.000 1.00
2083.3 0 0.000 1.00
2100.0 0 0.000 1.00
2116.7 0 0.000 1.00
2133.3 0 0.000 1.00
2150.0 0 0.000 1.00
2166.7 0 0.000 1.00
2183.3 0 0.000 1.00
2200.0 0 0.000 1.00
2216.7 0 0.000 1.00
2233.3 0 0.000 1.00
2250.0 0 0.000 1.00
2266.7 0 0.000 1.00
2283.3 0 0.000 1.00
2300.0 0 0.000 1.00
2316.7 0 0.000 1.00
2333.3 0 0.000 1.00
2350.0 0 0.000 1.00
2366.7 0 0.000 1.00
2383.3 0 0.000 1.00
2400.0 0 0.000 1.00
2416.7 0 0.000 1.00
2433.3 0 0.000 1.00
2450.0 0 0.000 1.00
2466.7 0 0.000 1.00
2483.3 0 0.000 1.00
2500.0 0 0.000 1.00
2516.7 0 0.000 1.00
2533.3 0 0.000 1.00
2550.0 0 0.000 1.00
2566.7 0 0.000 1.00
2583.3 0 0.000 1.00
2600.0 0 0.000 1.00
2616.7 0 0.000 1.00
2633.3 0 0.000 1.00
2650.0 0 0.000 1.00
2666.7 0 0.000 1.00
2683.3 0 0.000 1.00
2700.0 0 0.000 1.00
2716.7 0 0.000 1.00
2733.3 0 0.000 1.00
2750.0 0 0.000 1.00
2766.7 0 0.000 1.00
2783.3 0 0.000 1.00
2800.0 0 0.000 1.00
2816.7 0 0.000 1.00
2833.3 0 0.000 1.00
2850.0 0 0.000 1.00
2866.7 0 0.000 1.00
2883.3 0 0.000 1.00
2900.0 0 0.000 1.00
2916.7 0 0.000 1.00
2933.3 0 0.000 1.00
2950.0 0 0.000 1.00
2966.7 0 0.000 1.00
2983.3 0 0.000 1.00
3000.0 0 0.000 1.00
3016.7 0 0.000 1.00
3033.3 0 0.000 1.00
3050.0 0 0.000 1.00
3066.7 0 0.000 1.00
3083.3 0 0.000 1.00
3100.0 0 0.000 1.00
3116.7 0 0.000 1.00
3133.3 0 0.000 1.00
3150.0 0 0.000 1.00
3166.7 0 0.000 1.00
3183.3 0 0.000 1.00
3200.0 0 0.000 1.00
3216.7 0 0.000 1.00
3233.3 0 0.000 1.00
3250.0 0 0.000 1.00
3266.7 0 0.000 1.00
3283.3 0 0.000 1.00
3300.0 0 0.000 1.00
3316.7 0 0.000 1.00
3333.3 0 0.000 1.00
3350.0 0 0.000 1.00
3366.7 0 0.000 1.00
3383.3 0 0.000 1.00
3400.0 0 0.000 1.00
3416.7 0 0.000 1.00
3433.3 0 0.000 1.00
3450.0 0 0.000 1.00
3466.7 0 0.000 1.00
3483.3 0 0.000 1.00
3500.0 0 0.000 1.00
3516.7 0 0.000 1.00
3533.3 0 0.000 1.00
3550.0 0 0.000 1.00
3566.7 0 0.000 1.00
3583.3 0 0.000 1.00
3600.0 0 0.000 1.00
3616.7 0 0.000 1.00
3633.3 0 0.000 1.00
3650.0 0 0.000 1.00
3666.7 0 0.000 1.00
3683.3 0 0.000 1.00
3700.0 0 0.000 1.00
3716.7 0 0.000 1.00
3733.3 0 0.000 1.00
3750.0 0 0.000 1.00
3766.7 0 0.000 1.00
3783.3 0 0.000 1.00
3800.0 0 0.000 1.00
3816.7 0 0.000 1.00
3833.3 0 0.000 1.00
3850.0 0 0.000 1.00
3866.7 0 0.000 1.00
3883.3 0 0.000 1.00
3900.0 0 0.000 1.00
3916.7 0 0.000 1.00
3933.3 0 0.000 1.00
3950.0 0 0.000 1.00
3966.7 0 0.000 1.00
3983.3 0 0.000 1.00
4000.0 0 0.000 1.00
4016.7 0 0.000 1.00
4033.3 0 0.000 1.00
4050.0 0 0.000 1.00
4066.7 0 0.000 1.00
4083.3 0 0.000 1.00
4100.0 0 0.000 1.00
4116.7 0 0.000 1.00
4133.3 0 0.000 1.00
4150.0 0 0.000 1.00
4166.7 0 0.000 1.00
4183.3 0 0.000 1.00
4200.0 0 0.000 1.00
4216.7 0 0.000 1.00
4233.3 0 0.000 1.00
4250.0 0 0.000 1.00
4266.7 0 0.000 1.00
4283.3 0 0.000 1.00
4300.0 0 0.000 1.00
4316.7 0 0.000 1.00
4333.3 0 0.000 1.00
4350.0 0 0.000 1.00
4366.7 0 0.000 1.00
4383.3 0 0.000 1.00
4400.0 0 0.000 1.00
4416.7 0 0.000 1.00
4433.3 0 0.000 1.00
4450.0 0 0.000 1.00
4466.7 0 0.000 1.00
4483.3 0 0.000 1.00
4500.0 0 0.000 1.00
4516.7 0 0.000 1.00
4533.3 0 0.000 1.00
4550.0 0 0.000 1.00
4566.7 0 0.000 1.00
4583.3 0 0.000 1.00
4600.0 0 0.000 1.00
4616.7 0 0.000 1.00
4633.3 0 0.000 1.00
4650.0 0 0.000 1.00
4666.7 0 0.000 1.00
4683.3 0 0.000 1.00
4700.0 0 0.000 1.00
4716.7 0 0.000 1.00
4733.3 0 0.000 1.00
4750.0 0 0.000 1.00
4766.7 0 0.000 1.00
4783.3 0 0.000 1.00
4800.0 0 0.000 1.00
4816.7 0 0.000 1.00
4833.3 0 0.000 1.00
4850.0 0 0.000 1.00
4866.7 0 0.000 1.00
4883.3 0 0.000 1.00
4900.0 0 0.000 1.00
4916.7 0 0.000 1.00
4933.3 0 0.000 1.00
4950.0 0 0.000 1.00
4966.7 0 0.000 1.00
4983.3 0 0.000 1.00
5000.0 0 0.000 1.00
5016.7 0 0.000 1.00
5033.3 0 0.000 1.00
5050.0 0 0.000 1.00
5066.7 0 0.000 1.00
5083.3 0 0.000 1.00
5100.0 0 0.000 1.00
5116.7 0 0.000 1.00
5133.3 0 0.000 1.00
5150.0 0 0.000 1.00
5166.7 0 0.000 1.00
5183.3 0 0.000 1.00
5200.0 0 0.000 1.00
5216.7 0 0.000 1.00
5233.3 0 0.000 1.00
5250.0 0 0.000 1.00
5266.7 0 0.000 1.00
5283.3 0 0.000 1.00
5300.0 0 0.000 1.00
5316.7 0 0.000 1.00
5333.3 0 0.000 1.00
5350.0 0 0.000 1.00
5366.7 0 0.000 1.00
5383.3 0 0.000 1.00
5400.0 0 0.000 1.00
5416.7 0 0.000 1.00
5433.3 0 0.000 1.00
5450.0 0 0.000 1.00
5466.7 0 0.000 1.00
5483.3 0 0.000 1.00
5500.0 0 0.000 1.00
5516.7 0 0.000 1.00
5533.3 0 0.000 1.00
5550.0 0 0.000 1.00
5566.7 0 0.000 1.00
5583.3 0 0.000 1.00
5600.0 0 0.000 1.00
5616.7 0 0.000 1.00
5633.3 0 0.000 1.00
5650.0 0 0.000 1.00
5666.7 0 0.000 1.00
5683.3 0 0.000 1.00
5700.0 0 0.000 1.00
5716.7 0 0.000 1.00
5733.3 0 0.000 1.00
5750.0 0 0.000 1.00
5766.7 0 0.000 1.00
5783.3 0 0.000 1.00
5800.0 0 0.000 1.00
5816.7 0 0.000 1.00
5833.3 0 0.000 1.00
5850.0 0 0.000 1.00
5866.7 0 0.000 1.00
5883.3 0 0.000 1.00
5900.0 0 0.000 1.00
5916.7 0 0.000 1.00
5933.3 0 0.000 1.00
5950.0 0 0.000 1.00
5966.7 0 0.000 1.00
5983.3 0 0.000 1.00
6000.0 0 0.000 1.00
6016.7 0 0.000 1.00
6033.3 0 0.000 1.00
6050.0 0 0.000 1.00
6066.7 0 0.000 1.00
6083.3 0 0.000 1.00
6100.0 0 0.000 1.00
6116.7 0 0.000 1.00
6133.3 0 0.000 1.00
6150.0 0 0.000 1.00
6166.7 0 0.000 1.00
6183.3 0 0.000 1.00
6200.0 0 0.000 1.00
6216.7 0 0.000 1.00
first_visible_ms=1333.3
rest_ms=1500.0
duration_ms=166.7
t90_ms=116.7
moving_frames=10
alpha_first_visible=0.33
motion_window_s=1.3333 1.5000
