16666666
13955895341217	13955911747432	13955909184025
13955926957445	13955944846561	13955942562157
13955943966450	13955962106327	13955959193665
13955960328664	13955978231195	13955975865970
13955977881780	13955994134157	13955992510843
13955993704151	13956011146379	13956009165514
13956010363371	13956027786753	13956025875239
13956026789563	13956044561450	13956042507148
13956043668406	13956061092240	13956059180254
13956060160031	13956077744336	13956075852548
13956076875958	13956094109184	13956092489647
13956093407959	13956111104785	13956109210683
13956110189769	13956128309137	13956125860596
13956126821848	13956144505058	13956142513193
0	13959844167927	13959842543270
13959877143954	13959893949579	13959892569501
13959893705591	13959910936835	13959909222008
13959910410628	13959927846664	13959925895626
13959927213507	13959944432476	13959942550337
13959943840586	13959961197525	13959959221630
13959960556563	13959977927518	13959975909984
13959977330398	13959994486811	13959992548636
13959993861819	13960011174173	13960009234215
13960010541096	13960027806032	13960025911188
13960027197541	13960044491671	13960042589143
13960043846601	13960061085008	13960059210332
13960060489101	13960077911862	13960075918695
13960077279687	13960094129945	13960092540073
13964392970494	13964412313868	13964409236787
13964426966445	13964444784588	13964442538376
13964443723738	13964461350002	13964459211392
13964460162605	13964477819256	13964475892062
13964477456366	13964498346960	13964492514042
13964495934356	13964511432969	13964509213547
13964510577776	13964531307609	13964525874350
13964528534358	13964544486372	13964542524513
13964543683798	13964561523040	13964559206767
13964560621500	13964578649937	13964575924477
13964577480304	13964594996371	13964592528012
13964593805848	13964611607270	13964609176001
13964610694669	13964628067867	13964625831414
13964626972393	13964644593347	13964642540898
0	13968327530661	13968325888552
13968360652292	13968378206650	13968375926765
13968377548596	13968394570256	13968392545579
13968393918053	13968411404404	13968409247860
13968410807465	13968427812573	13968425861695
13968427183664	13968444499616	13968442569967
13968443394303	13968461041215	13968459252971
13968459793385	13968478052776	13968475828725
13968476518488	13968494352892	13968492585068
13968493324414	13968511135554	13968509219571
13968509845034	13968527623643	13968525862240
13968526971510	13968544381728	13968542557267
13968543699930	13968560812150	13968559205687
13968559727124	13968577590502	13968575903820
13972872346463	13972879369292	13972875866824
13972910248698	13972930039110	13972925888356
13972927279695	13972944803526	13972942507772
13972943742697	13972962678917	13972959192680
13972960616439	13972979286280	13972975875644
13972977431772	13972995989563	13972992515538
13972994026571	13973013319370	13973009234039
13973010648291	13973029356454	13973025844788
13973028289262	13973046080445	13973042548041
13973044105381	13973061512554	13973059183346
13973060368288	13973078742344	13973075851993
13973077084384	13973095903334	13973092519789
13973093902773	13973113205700	13973109219846
13973110760105	13973128288645	13973125859921
0	13976811048046	13976809216681
13976843696559	13976861389878	13976859219859
13976860707378	13976878011968	13976875880482
13976877380615	13976895197014	13976892538179
13976894343464	13976911191558	13976909225452
13976910516212	13976927812937	13976925875033
13976927185300	13976944482737	13976942532069
13976943831876	13976961302889	13976959200988
13976960664151	13976977968160	13976975921372
13976977315456	13976993813343	13976992505411
13976993521636	13977011105470	13977009196010
13977010429233	13977027592658	13977025884255
13977026925066	13977044335785	13977042558232
13977043716203	13977060597069	13977059202534
0	13978827459156	13978825870627
13980534320247	13980544229278	13980542526416
13980577014148	13980594721563	13980592553598
13980593787031	13980610783323	13980609209572
13980610434469	13980627843525	13980625885454
13980626934791	13980643593129	13980642546738
13980643529801	13980660513029	13980659192722
13980660033229	13980676954770	13980675890725
13980677062162	13980694020583	13980692534225
13980693735658	13980710339665	13980709222580
13980710433351	13980727347909	13980725874597
13980726938953	13980743647575	13980742560457
13980743744838	13980761132764	13980759235246
13980760152376	13980777760365	13980775862156
13980776823198	13980793516611	13980792521846
13982185638491	13982194070784	13982192493677
13982226746369	13982244470616	13982242521271
13982243475199	13982261145525	13982259211128
13982260048528	13982278005962	13982275909190
13982277030003	13982294310047	13982292500603
13982293362550	13982310686005	13982309249652
13982309681292	13982327332251	13982325887783
13982326713210	13982346866432	13982342570697
13982345851319	13982360893807	13982359156509
13982359834481	13982377037040	13982375825989
13982376465889	13982393696409	13982392498153
13982393090193	13982410359918	13982409159547
13982409796822	13982427519756	13982425825450
13982426444099	13982446586531	13982442496832
13985769838089	13985777718687	13985775886531
13985810254970	13985827648017	13985825895600
13985827873649	13985844835116	13985842545914
13985843907908	13985861313878	13985859191498
13985860368255	13985878155159	13985875878240
13985877229353	13985894813417	13985892565923
13985893888653	13985911797406	13985909267742
13985910842736	13985928117791	13985925924709
13985927195892	13985944831784	13985942559122
13985943924142	13985961412266	13985959193245
13985960510786	13985977539148	13985975894254
13985977221683	13985994225008	13985992546450
13985993848462	13986011346585	13986009210008
13986010504256	13986027462616	13986025879918

