400 3.1 3.1 3.1 2.6 2.6 2.6
401 3.0 3.0 3.0 2.6 2.6 2.6
402 2.9 2.9 2.9 2.6 2.6 2.6
403 3.0 3.0 3.0 2.6 2.6 2.6
404 3.0 3.0 3.0 2.6 2.6 2.6
405 2.7 2.7 2.7 2.6 2.6 2.6
406 3.1 3.1 3.1 2.6 2.6 2.6
407 3.1 3.1 3.1 2.6 2.6 2.6
408 2.9 2.9 2.9 2.6 2.6 2.6
409 2.8 2.8 2.8 2.6 2.6 2.6
410 3.0 3.0 3.0 2.6 2.6 2.6
411 2.9 2.9 2.9 2.6 2.6 2.6
412 2.8 2.8 2.8 2.6 2.6 2.6
413 3.2 3.2 3.2 2.6 2.6 2.6
414 3.0 3.0 3.0 2.6 2.6 2.6
415 3.3 3.3 3.3 2.5 2.5 2.5
416 2.8 2.8 2.8 2.5 2.5 2.5
417 2.9 2.9 2.9 2.5 2.5 2.5
418 2.9 2.9 2.9 2.5 2.5 2.5
419 3.1 3.1 3.1 2.5 2.5 2.5
420 2.8 2.8 2.8 2.5 2.5 2.5
421 2.9 2.9 2.9 2.5 2.5 2.5
422 3.0 3.0 3.0 2.5 2.5 2.5
423 2.8 2.8 2.8 2.5 2.5 2.5
424 2.6 2.6 2.6 2.5 2.5 2.5
425 3.1 3.1 3.1 2.5 2.5 2.5
426 2.8 2.8 2.8 2.5 2.5 2.5
427 2.7 2.7 2.7 2.5 2.5 2.5
428 3.1 3.1 3.1 2.5 2.5 2.5
429 2.7 2.7 2.7 2.5 2.5 2.5
430 2.7 2.7 2.7 2.5 2.5 2.5
431 2.9 2.9 2.9 2.6 2.6 2.6
432 3.0 3.0 3.0 2.6 2.6 2.6
433 3.2 3.2 3.2 2.6 2.6 2.6
434 2.8 2.8 2.8 2.6 2.6 2.6
435 3.1 3.1 3.1 2.6 2.6 2.6
436 3.1 3.1 3.1 2.6 2.6 2.6
437 3.0 3.0 3.0 2.6 2.6 2.6
438 2.9 2.9 2.9 2.6 2.6 2.6
439 2.9 2.9 2.9 2.6 2.6 2.6
440 3.1 3.1 3.1 2.6 2.6 2.6
441 3.0 3.0 3.0 2.6 2.6 2.6
442 2.9 2.9 2.9 2.6 2.6 2.6
443 3.2 3.2 3.2 2.6 2.6 2.6
444 3.2 3.2 3.2 2.6 2.6 2.6
445 3.0 3.0 3.0 2.6 2.6 2.6
446 2.8 2.8 2.8 2.7 2.7 2.7
447 2.8 2.8 2.8 2.7 2.7 2.7
448 2.6 2.6 2.6 2.7 2.7 2.7
449 3.1 3.1 3.1 2.7 2.7 2.7
450 3.2 3.2 3.2 2.7 2.7 2.7
451 3.2 3.2 3.2 2.7 2.7 2.7
452 3.2 3.2 3.2 2.7 2.7 2.7
453 2.9 2.9 2.9 2.7 2.7 2.7
454 3.1 3.1 3.1 2.8 2.8 2.8
455 3.4 3.4 3.4 2.8 2.8 2.8
456 3.1 3.1 3.1 2.8 2.8 2.8
457 3.2 3.2 3.2 2.8 2.8 2.8
458 3.2 3.2 3.2 2.8 2.8 2.8
459 3.0 3.0 3.0 2.8 2.8 2.8
460 3.1 3.1 3.1 2.8 2.8 2.8
461 3.3 3.3 3.3 2.9 2.9 2.9
462 3.3 3.3 3.3 2.9 2.9 2.9
463 3.1 3.1 3.1 2.9 2.9 2.9
464 3.3 3.3 3.3 2.9 2.9 2.9
465 3.1 3.1 3.1 2.9 2.9 2.9
466 3.0 3.0 3.0 2.9 2.9 2.9
467 3.5 3.5 3.5 3.0 3.0 3.0
468 3.3 3.3 3.3 3.0 3.0 3.0
469 3.3 3.3 3.3 3.0 3.0 3.0
470 3.3 3.3 3.3 3.0 3.0 3.0
471 3.0 3.0 3.0 3.0 3.0 3.0
472 3.1 3.1 3.1 3.1 3.1 3.1
473 3.2 3.2 3.2 3.1 3.1 3.1
474 3.7 3.7 3.7 3.1 3.1 3.1
475 3.2 3.2 3.2 3.1 3.1 3.1
476 3.1 3.1 3.1 3.2 3.2 3.2
477 3.7 3.7 3.7 3.2 3.2 3.2
478 3.5 3.5 3.5 3.2 3.2 3.2
479 3.6 3.6 3.6 3.2 3.2 3.2
480 3.5 3.5 3.5 3.2 3.2 3.2
481 3.6 3.6 3.6 3.3 3.3 3.3
482 3.3 3.3 3.3 3.3 3.3 3.3
483 3.8 3.8 3.8 3.3 3.3 3.3
484 3.9 3.9 3.9 3.3 3.3 3.3
485 3.6 3.6 3.6 3.4 3.4 3.4
486 3.5 3.5 3.5 3.4 3.4 3.4
487 3.4 3.4 3.4 3.4 3.4 3.4
488 3.6 3.6 3.6 3.4 3.4 3.4
489 3.4 3.4 3.4 3.5 3.5 3.5
490 3.6 3.6 3.6 3.5 3.5 3.5
491 3.8 3.8 3.8 3.5 3.5 3.5
492 3.5 3.5 3.5 3.6 3.6 3.6
493 3.6 3.6 3.6 3.6 3.6 3.6
494 3.5 3.5 3.5 3.6 3.6 3.6
495 3.7 3.7 3.7 3.6 3.6 3.6
496 3.7 3.7 3.7 3.7 3.7 3.7
497 3.8 3.8 3.8 3.7 3.7 3.7
498 3.5 3.5 3.5 3.7 3.7 3.7
499 4.2 4.2 4.2 3.8 3.8 3.8
500 3.7 3.7 3.7 3.8 3.8 3.8
501 4.2 4.2 4.2 3.8 3.8 3.8
502 3.7 3.7 3.7 3.8 3.8 3.8
503 3.6 3.6 3.6 3.9 3.9 3.9
504 4.1 4.1 4.1 3.9 3.9 3.9
505 4.3 4.3 4.3 3.9 3.9 3.9
506 4.0 4.0 4.0 4.0 4.0 4.0
507 4.3 4.3 4.3 4.0 4.0 4.0
508 4.4 4.4 4.4 4.0 4.0 4.0
509 4.3 4.3 4.3 4.1 4.1 4.1
510 4.1 4.1 4.1 4.1 4.1 4.1
511 4.0 4.0 4.0 4.1 4.1 4.1
512 4.0 4.0 4.0 4.2 4.2 4.2
513 4.2 4.2 4.2 4.2 4.2 4.2
514 4.4 4.4 4.4 4.2 4.2 4.2
515 4.3 4.3 4.3 4.3 4.3 4.3
516 4.2 4.2 4.2 4.3 4.3 4.3
517 4.6 4.6 4.6 4.3 4.3 4.3
518 4.1 4.1 4.1 4.4 4.4 4.4
519 4.4 4.4 4.4 4.4 4.4 4.4
520 4.0 4.0 4.0 4.4 4.4 4.4
521 4.5 4.5 4.5 4.5 4.5 4.5
522 4.2 4.2 4.2 4.5 4.5 4.5
523 4.1 4.1 4.1 4.5 4.5 4.5
524 4.4 4.4 4.4 4.6 4.6 4.6
525 4.9 4.9 4.9 4.6 4.6 4.6
526 4.5 4.5 4.5 4.6 4.6 4.6
527 4.8 4.8 4.8 4.7 4.7 4.7
528 5.0 5.0 5.0 4.7 4.7 4.7
529 5.1 5.1 5.1 4.7 4.7 4.7
530 5.1 5.1 5.1 4.8 4.8 4.8
531 5.1 5.1 5.1 4.8 4.8 4.8
532 5.0 5.0 5.0 4.8 4.8 4.8
533 5.0 5.0 5.0 4.9 4.9 4.9
534 5.3 5.3 5.3 4.9 4.9 4.9
535 5.2 5.2 5.2 4.9 4.9 4.9
536 4.9 4.9 4.9 5.0 5.0 5.0
537 4.9 4.9 4.9 5.0 5.0 5.0
538 4.9 4.9 4.9 5.0 5.0 5.0
539 5.3 5.3 5.3 5.1 5.1 5.1
540 4.9 4.9 4.9 5.1 5.1 5.1
541 5.1 5.1 5.1 5.1 5.1 5.1
542 5.0 5.0 5.0 5.2 5.2 5.2
543 5.1 5.1 5.1 5.2 5.2 5.2
544 5.1 5.1 5.1 5.3 5.3 5.3
545 4.7 4.7 4.7 5.3 5.3 5.3
546 4.7 4.7 4.7 5.3 5.3 5.3
547 4.8 4.8 4.8 5.4 5.4 5.4
548 5.1 5.1 5.1 5.4 5.4 5.4
549 5.8 5.8 5.8 5.4 5.4 5.4
550 5.3 5.3 5.3 5.5 5.5 5.5
551 5.6 5.6 5.6 5.5 5.5 5.5
552 5.4 5.4 5.4 5.5 5.5 5.5
553 5.5 5.5 5.5 5.6 5.6 5.6
554 5.7 5.7 5.7 5.6 5.6 5.6
555 5.8 5.8 5.8 5.6 5.6 5.6
556 5.6 5.6 5.6 5.7 5.7 5.7
557 5.7 5.7 5.7 5.7 5.7 5.7
558 5.6 5.6 5.6 5.7 5.7 5.7
559 6.1 6.1 6.1 5.8 5.8 5.8
560 5.7 5.7 5.7 5.8 5.8 5.8
561 5.8 5.8 5.8 5.8 5.8 5.8
562 5.8 5.8 5.8 5.9 5.9 5.9
563 5.5 5.5 5.5 5.9 5.9 5.9
564 5.7 5.7 5.7 5.9 5.9 5.9
565 6.0 6.0 6.0 6.0 6.0 6.0
566 5.9 5.9 5.9 6.0 6.0 6.0
567 5.8 5.8 5.8 6.0 6.0 6.0
568 5.8 5.8 5.8 6.1 6.1 6.1
569 6.0 6.0 6.0 6.1 6.1 6.1
570 5.9 5.9 5.9 6.1 6.1 6.1
571 6.8 6.8 6.8 6.2 6.2 6.2
572 6.1 6.1 6.1 6.2 6.2 6.2
573 6.6 6.6 6.6 6.2 6.2 6.2
574 6.2 6.2 6.2 6.3 6.3 6.3
575 6.4 6.4 6.4 6.3 6.3 6.3
576 6.0 6.0 6.0 6.3 6.3 6.3
577 6.2 6.2 6.2 6.4 6.4 6.4
578 6.5 6.5 6.5 6.4 6.4 6.4
579 6.3 6.3 6.3 6.4 6.4 6.4
580 6.8 6.8 6.8 6.4 6.4 6.4
581 6.7 6.7 6.7 6.5 6.5 6.5
582 6.8 6.8 6.8 6.5 6.5 6.5
583 6.5 6.5 6.5 6.5 6.5 6.5
584 6.6 6.6 6.6 6.6 6.6 6.6
585 6.3 6.3 6.3 6.6 6.6 6.6
586 6.6 6.6 6.6 6.6 6.6 6.6
587 6.5 6.5 6.5 6.6 6.6 6.6
588 7.0 7.0 7.0 6.7 6.7 6.7
589 6.6 6.6 6.6 6.7 6.7 6.7
590 6.5 6.5 6.5 6.7 6.7 6.7
591 6.4 6.4 6.4 6.8 6.8 6.8
592 6.7 6.7 6.7 6.8 6.8 6.8
593 6.8 6.8 6.8 6.8 6.8 6.8
594 6.4 6.4 6.4 6.8 6.8 6.8
595 6.4 6.4 6.4 6.9 6.9 6.9
596 6.8 6.8 6.8 6.9 6.9 6.9
597 6.8 6.8 6.8 6.9 6.9 6.9
598 7.1 7.1 7.1 6.9 6.9 6.9
599 7.2 7.2 7.2 7.0 7.0 7.0
600 6.7 6.7 6.7 7.0 7.0 7.0
601 6.6 6.6 6.6 7.0 7.0 7.0
602 6.6 6.6 6.6 7.0 7.0 7.0
603 7.3 7.3 7.3 7.1 7.1 7.1
604 6.8 6.8 6.8 7.1 7.1 7.1
605 7.2 7.2 7.2 7.1 7.1 7.1
606 7.5 7.5 7.5 7.1 7.1 7.1
607 7.0 7.0 7.0 7.2 7.2 7.2
608 7.1 7.1 7.1 7.2 7.2 7.2
609 7.2 7.2 7.2 7.2 7.2 7.2
610 7.1 7.1 7.1 7.2 7.2 7.2
611 7.1 7.1 7.1 7.2 7.2 7.2
612 7.3 7.3 7.3 7.3 7.3 7.3
613 7.4 7.4 7.4 7.3 7.3 7.3
614 7.2 7.2 7.2 7.3 7.3 7.3
615 7.3 7.3 7.3 7.3 7.3 7.3
616 7.4 7.4 7.4 7.3 7.3 7.3
617 7.3 7.3 7.3 7.4 7.4 7.4
618 7.6 7.6 7.6 7.4 7.4 7.4
619 7.1 7.1 7.1 7.4 7.4 7.4
620 7.3 7.3 7.3 7.4 7.4 7.4
621 7.3 7.3 7.3 7.4 7.4 7.4
622 7.3 7.3 7.3 7.5 7.5 7.5
623 7.2 7.2 7.2 7.5 7.5 7.5
624 7.4 7.4 7.4 7.5 7.5 7.5
625 7.4 7.4 7.4 7.5 7.5 7.5
626 7.4 7.4 7.4 7.5 7.5 7.5
627 7.4 7.4 7.4 7.5 7.5 7.5
628 7.3 7.3 7.3 7.6 7.6 7.6
629 7.2 7.2 7.2 7.6 7.6 7.6
630 7.7 7.7 7.7 7.6 7.6 7.6
631 7.3 7.3 7.3 7.6 7.6 7.6
632 7.4 7.4 7.4 7.6 7.6 7.6
633 7.2 7.2 7.2 7.6 7.6 7.6
634 7.7 7.7 7.7 7.6 7.6 7.6
635 7.9 7.9 7.9 7.7 7.7 7.7
636 7.3 7.3 7.3 7.7 7.7 7.7
637 7.8 7.8 7.8 7.7 7.7 7.7
638 7.5 7.5 7.5 7.7 7.7 7.7
639 7.5 7.5 7.5 7.7 7.7 7.7
640 7.3 7.3 7.3 7.7 7.7 7.7
641 7.9 7.9 7.9 7.7 7.7 7.7
642 7.7 7.7 7.7 7.7 7.7 7.7
643 7.5 7.5 7.5 7.8 7.8 7.8
644 7.9 7.9 7.9 7.8 7.8 7.8
645 7.4 7.4 7.4 7.8 7.8 7.8
646 7.9 7.9 7.9 7.8 7.8 7.8
647 7.8 7.8 7.8 7.8 7.8 7.8
648 7.5 7.5 7.5 7.8 7.8 7.8
649 7.5 7.5 7.5 7.8 7.8 7.8
650 7.8 7.8 7.8 7.8 7.8 7.8
651 7.9 7.9 7.9 7.8 7.8 7.8
652 7.8 7.8 7.8 7.8 7.8 7.8
653 7.9 7.9 7.9 7.8 7.8 7.8
654 7.8 7.8 7.8 7.8 7.8 7.8
655 7.5 7.5 7.5 7.9 7.9 7.9
656 7.6 7.6 7.6 7.9 7.9 7.9
657 7.8 7.8 7.8 7.9 7.9 7.9
658 7.6 7.6 7.6 7.9 7.9 7.9
659 7.5 7.5 7.5 7.9 7.9 7.9
660 7.8 7.8 7.8 7.9 7.9 7.9
661 7.6 7.6 7.6 7.9 7.9 7.9
662 8.0 8.0 8.0 7.9 7.9 7.9
663 8.0 8.0 8.0 7.9 7.9 7.9
664 8.1 8.1 8.1 7.9 7.9 7.9
665 7.8 7.8 7.8 7.9 7.9 7.9
666 7.7 7.7 7.7 7.9 7.9 7.9
667 7.5 7.5 7.5 7.9 7.9 7.9
668 8.0 8.0 8.0 7.9 7.9 7.9
669 8.3 8.3 8.3 7.9 7.9 7.9
670 8.2 8.2 8.2 7.9 7.9 7.9
671 8.2 8.2 8.2 7.9 7.9 7.9
672 7.7 7.7 7.7 7.9 7.9 7.9
673 7.8 7.8 7.8 7.9 7.9 7.9
674 7.8 7.8 7.8 7.9 7.9 7.9
675 8.1 8.1 8.1 7.9 7.9 7.9
676 7.9 7.9 7.9 7.9 7.9 7.9
677 8.1 8.1 8.1 7.9 7.9 7.9
678 8.4 8.4 8.4 7.9 7.9 7.9
679 7.7 7.7 7.7 7.9 7.9 7.9
680 7.8 7.8 7.8 7.9 7.9 7.9
681 8.2 8.2 8.2 7.9 7.9 7.9
682 8.0 8.0 8.0 7.9 7.9 7.9
683 8.0 8.0 8.0 7.9 7.9 7.9
684 7.8 7.8 7.8 7.9 7.9 7.9
685 8.2 8.2 8.2 7.9 7.9 7.9
686 8.0 8.0 8.0 7.9 7.9 7.9
687 7.8 7.8 7.8 7.9 7.9 7.9
688 7.9 7.9 7.9 7.9 7.9 7.9
689 7.9 7.9 7.9 7.9 7.9 7.9
690 7.9 7.9 7.9 7.9 7.9 7.9
691 8.0 8.0 8.0 7.9 7.9 7.9
692 8.1 8.1 8.1 7.9 7.9 7.9
693 8.0 8.0 8.0 7.8 7.8 7.8
694 7.9 7.9 7.9 7.8 7.8 7.8
695 7.9 7.9 7.9 7.8 7.8 7.8
696 8.1 8.1 8.1 7.8 7.8 7.8
697 7.7 7.7 7.7 7.8 7.8 7.8
698 8.4 8.4 8.4 7.8 7.8 7.8
699 7.9 7.9 7.9 7.8 7.8 7.8
700 8.1 8.1 8.1 7.8 7.8 7.8
701 7.9 7.9 7.9 7.8 7.8 7.8
702 7.8 7.8 7.8 7.8 7.8 7.8
703 7.9 7.9 7.9 7.8 7.8 7.8
704 7.8 7.8 7.8 7.8 7.8 7.8
705 7.8 7.8 7.8 7.7 7.7 7.7
706 7.8 7.8 7.8 7.7 7.7 7.7
707 7.7 7.7 7.7 7.7 7.7 7.7
708 8.0 8.0 8.0 7.7 7.7 7.7
709 7.9 7.9 7.9 7.7 7.7 7.7
710 7.7 7.7 7.7 7.7 7.7 7.7
711 7.5 7.5 7.5 7.7 7.7 7.7
712 7.9 7.9 7.9 7.7 7.7 7.7
713 7.4 7.4 7.4 7.7 7.7 7.7
714 7.2 7.2 7.2 7.6 7.6 7.6
715 7.5 7.5 7.5 7.6 7.6 7.6
716 7.5 7.5 7.5 7.6 7.6 7.6
717 7.3 7.3 7.3 7.6 7.6 7.6
718 7.5 7.5 7.5 7.6 7.6 7.6
719 7.2 7.2 7.2 7.6 7.6 7.6
720 7.5 7.5 7.5 7.6 7.6 7.6
721 7.7 7.7 7.7 7.5 7.5 7.5
722 7.2 7.2 7.2 7.5 7.5 7.5
723 7.4 7.4 7.4 7.5 7.5 7.5
724 7.6 7.6 7.6 7.5 7.5 7.5
725 7.5 7.5 7.5 7.5 7.5 7.5
726 7.3 7.3 7.3 7.5 7.5 7.5
727 7.5 7.5 7.5 7.4 7.4 7.4
728 7.4 7.4 7.4 7.4 7.4 7.4
729 7.4 7.4 7.4 7.4 7.4 7.4
730 7.9 7.9 7.9 7.4 7.4 7.4
731 7.4 7.4 7.4 7.4 7.4 7.4
732 7.0 7.0 7.0 7.3 7.3 7.3
733 7.1 7.1 7.1 7.3 7.3 7.3
734 7.0 7.0 7.0 7.3 7.3 7.3
735 7.6 7.6 7.6 7.3 7.3 7.3
736 7.2 7.2 7.2 7.3 7.3 7.3
737 7.3 7.3 7.3 7.2 7.2 7.2
738 7.1 7.1 7.1 7.2 7.2 7.2
739 7.2 7.2 7.2 7.2 7.2 7.2
740 7.0 7.0 7.0 7.2 7.2 7.2
741 7.1 7.1 7.1 7.2 7.2 7.2
742 6.8 6.8 6.8 7.1 7.1 7.1
743 7.5 7.5 7.5 7.1 7.1 7.1
744 7.0 7.0 7.0 7.1 7.1 7.1
745 7.2 7.2 7.2 7.1 7.1 7.1
746 6.8 6.8 6.8 7.0 7.0 7.0
747 6.7 6.7 6.7 7.0 7.0 7.0
748 6.9 6.9 6.9 7.0 7.0 7.0
749 6.7 6.7 6.7 7.0 7.0 7.0
750 7.1 7.1 7.1 6.9 6.9 6.9
751 7.1 7.1 7.1 6.9 6.9 6.9
752 6.5 6.5 6.5 6.9 6.9 6.9
753 6.5 6.5 6.5 6.9 6.9 6.9
754 6.5 6.5 6.5 6.8 6.8 6.8
755 6.4 6.4 6.4 6.8 6.8 6.8
756 6.4 6.4 6.4 6.8 6.8 6.8
757 6.8 6.8 6.8 6.8 6.8 6.8
758 6.5 6.5 6.5 6.7 6.7 6.7
759 6.8 6.8 6.8 6.7 6.7 6.7
760 6.4 6.4 6.4 6.7 6.7 6.7
761 6.7 6.7 6.7 6.6 6.6 6.6
762 6.7 6.7 6.7 6.6 6.6 6.6
763 6.5 6.5 6.5 6.6 6.6 6.6
764 6.6 6.6 6.6 6.6 6.6 6.6
765 6.2 6.2 6.2 6.5 6.5 6.5
766 6.3 6.3 6.3 6.5 6.5 6.5
767 6.7 6.7 6.7 6.5 6.5 6.5
768 6.3 6.3 6.3 6.4 6.4 6.4
769 6.4 6.4 6.4 6.4 6.4 6.4
770 6.6 6.6 6.6 6.4 6.4 6.4
771 6.7 6.7 6.7 6.4 6.4 6.4
772 6.1 6.1 6.1 6.3 6.3 6.3
773 6.5 6.5 6.5 6.3 6.3 6.3
774 6.2 6.2 6.2 6.3 6.3 6.3
775 5.8 5.8 5.8 6.2 6.2 6.2
776 6.3 6.3 6.3 6.2 6.2 6.2
777 6.2 6.2 6.2 6.2 6.2 6.2
778 5.9 5.9 5.9 6.1 6.1 6.1
779 5.9 5.9 5.9 6.1 6.1 6.1
780 5.7 5.7 5.7 6.1 6.1 6.1
781 5.7 5.7 5.7 6.0 6.0 6.0
782 5.9 5.9 5.9 6.0 6.0 6.0
783 5.5 5.5 5.5 6.0 6.0 6.0
784 6.0 6.0 6.0 5.9 5.9 5.9
785 6.0 6.0 6.0 5.9 5.9 5.9
786 5.7 5.7 5.7 5.9 5.9 5.9
787 5.9 5.9 5.9 5.8 5.8 5.8
788 5.3 5.3 5.3 5.8 5.8 5.8
789 5.8 5.8 5.8 5.8 5.8 5.8
790 5.8 5.8 5.8 5.7 5.7 5.7
791 5.7 5.7 5.7 5.7 5.7 5.7
792 6.1 6.1 6.1 5.7 5.7 5.7
793 5.5 5.5 5.5 5.6 5.6 5.6
794 5.5 5.5 5.5 5.6 5.6 5.6
795 5.4 5.4 5.4 5.6 5.6 5.6
796 5.5 5.5 5.5 5.5 5.5 5.5
797 5.2 5.2 5.2 5.5 5.5 5.5
798 5.4 5.4 5.4 5.5 5.5 5.5
799 4.8 4.8 4.8 5.4 5.4 5.4
800 5.0 5.0 5.0 5.4 5.4 5.4
801 5.2 5.2 5.2 5.4 5.4 5.4
802 5.0 5.0 5.0 5.3 5.3 5.3
803 4.9 4.9 4.9 5.3 5.3 5.3
804 5.0 5.0 5.0 5.3 5.3 5.3
805 4.9 4.9 4.9 5.2 5.2 5.2
806 5.4 5.4 5.4 5.2 5.2 5.2
807 4.8 4.8 4.8 5.1 5.1 5.1
808 4.8 4.8 4.8 5.1 5.1 5.1
809 5.1 5.1 5.1 5.1 5.1 5.1
810 5.3 5.3 5.3 5.0 5.0 5.0
811 4.7 4.7 4.7 5.0 5.0 5.0
812 5.2 5.2 5.2 5.0 5.0 5.0
813 4.8 4.8 4.8 4.9 4.9 4.9
814 4.7 4.7 4.7 4.9 4.9 4.9
815 5.2 5.2 5.2 4.9 4.9 4.9
816 5.0 5.0 5.0 4.8 4.8 4.8
817 4.7 4.7 4.7 4.8 4.8 4.8
818 5.0 5.0 5.0 4.8 4.8 4.8
819 4.7 4.7 4.7 4.7 4.7 4.7
820 4.7 4.7 4.7 4.7 4.7 4.7
821 4.7 4.7 4.7 4.7 4.7 4.7
822 4.5 4.5 4.5 4.6 4.6 4.6
823 4.5 4.5 4.5 4.6 4.6 4.6
824 4.5 4.5 4.5 4.6 4.6 4.6
825 4.2 4.2 4.2 4.5 4.5 4.5
826 4.2 4.2 4.2 4.5 4.5 4.5
827 4.5 4.5 4.5 4.5 4.5 4.5
828 4.3 4.3 4.3 4.4 4.4 4.4
829 4.0 4.0 4.0 4.4 4.4 4.4
830 4.3 4.3 4.3 4.4 4.4 4.4
831 4.2 4.2 4.2 4.3 4.3 4.3
832 4.2 4.2 4.2 4.3 4.3 4.3
833 4.3 4.3 4.3 4.3 4.3 4.3
834 4.5 4.5 4.5 4.2 4.2 4.2
835 4.1 4.1 4.1 4.2 4.2 4.2
836 4.0 4.0 4.0 4.2 4.2 4.2
837 4.4 4.4 4.4 4.1 4.1 4.1
838 3.9 3.9 3.9 4.1 4.1 4.1
839 4.1 4.1 4.1 4.1 4.1 4.1
840 4.2 4.2 4.2 4.0 4.0 4.0
841 4.0 4.0 4.0 4.0 4.0 4.0
842 4.5 4.5 4.5 4.0 4.0 4.0
843 3.8 3.8 3.8 3.9 3.9 3.9
844 4.0 4.0 4.0 3.9 3.9 3.9
845 3.9 3.9 3.9 3.9 3.9 3.9
846 3.6 3.6 3.6 3.8 3.8 3.8
847 3.7 3.7 3.7 3.8 3.8 3.8
848 4.1 4.1 4.1 3.8 3.8 3.8
849 3.8 3.8 3.8 3.7 3.7 3.7
850 3.5 3.5 3.5 3.7 3.7 3.7
851 3.6 3.6 3.6 3.7 3.7 3.7
852 3.7 3.7 3.7 3.7 3.7 3.7
853 3.5 3.5 3.5 3.6 3.6 3.6
854 3.8 3.8 3.8 3.6 3.6 3.6
855 3.9 3.9 3.9 3.6 3.6 3.6
856 3.6 3.6 3.6 3.5 3.5 3.5
857 3.7 3.7 3.7 3.5 3.5 3.5
858 3.5 3.5 3.5 3.5 3.5 3.5
859 3.6 3.6 3.6 3.5 3.5 3.5
860 3.6 3.6 3.6 3.4 3.4 3.4
861 3.7 3.7 3.7 3.4 3.4 3.4
862 3.7 3.7 3.7 3.4 3.4 3.4
863 3.7 3.7 3.7 3.4 3.4 3.4
864 3.4 3.4 3.4 3.3 3.3 3.3
865 3.7 3.7 3.7 3.3 3.3 3.3
866 3.4 3.4 3.4 3.3 3.3 3.3
867 3.6 3.6 3.6 3.2 3.2 3.2
868 3.6 3.6 3.6 3.2 3.2 3.2
869 3.3 3.3 3.3 3.2 3.2 3.2
870 3.6 3.6 3.6 3.2 3.2 3.2
871 3.2 3.2 3.2 3.1 3.1 3.1
872 3.5 3.5 3.5 3.1 3.1 3.1
873 3.2 3.2 3.2 3.1 3.1 3.1
874 3.3 3.3 3.3 3.1 3.1 3.1
875 3.1 3.1 3.1 3.1 3.1 3.1
876 3.1 3.1 3.1 3.0 3.0 3.0
877 2.9 2.9 2.9 3.0 3.0 3.0
878 3.2 3.2 3.2 3.0 3.0 3.0
879 3.1 3.1 3.1 3.0 3.0 3.0
880 3.0 3.0 3.0 2.9 2.9 2.9
881 3.3 3.3 3.3 2.9 2.9 2.9
882 2.8 2.8 2.8 2.9 2.9 2.9
883 3.4 3.4 3.4 2.9 2.9 2.9
884 3.7 3.7 3.7 2.9 2.9 2.9
885 3.4 3.4 3.4 2.8 2.8 2.8
886 3.2 3.2 3.2 2.8 2.8 2.8
887 3.0 3.0 3.0 2.8 2.8 2.8
888 3.1 3.1 3.1 2.8 2.8 2.8
889 3.2 3.2 3.2 2.8 2.8 2.8
890 2.8 2.8 2.8 2.7 2.7 2.7
891 3.2 3.2 3.2 2.7 2.7 2.7
892 3.0 3.0 3.0 2.7 2.7 2.7
893 2.8 2.8 2.8 2.7 2.7 2.7
894 3.0 3.0 3.0 2.7 2.7 2.7
895 2.9 2.9 2.9 2.6 2.6 2.6
896 3.2 3.2 3.2 2.6 2.6 2.6
897 2.9 2.9 2.9 2.6 2.6 2.6
898 2.9 2.9 2.9 2.6 2.6 2.6
899 3.0 3.0 3.0 2.6 2.6 2.6
900 3.0 3.0 3.0 2.6 2.6 2.6
901 3.0 3.0 3.0 2.5 2.5 2.5
902 2.7 2.7 2.7 2.5 2.5 2.5
903 3.2 3.2 3.2 2.5 2.5 2.5
904 3.0 3.0 3.0 2.5 2.5 2.5
905 2.7 2.7 2.7 2.5 2.5 2.5
906 3.0 3.0 3.0 2.5 2.5 2.5
907 3.0 3.0 3.0 2.5 2.5 2.5
908 2.7 2.7 2.7 2.4 2.4 2.4
909 2.8 2.8 2.8 2.4 2.4 2.4
910 3.0 3.0 3.0 2.4 2.4 2.4
911 2.7 2.7 2.7 2.4 2.4 2.4
912 2.8 2.8 2.8 2.4 2.4 2.4
913 3.3 3.3 3.3 2.4 2.4 2.4
914 2.5 2.5 2.5 2.4 2.4 2.4
915 2.9 2.9 2.9 2.4 2.4 2.4
916 2.5 2.5 2.5 2.3 2.3 2.3
917 2.7 2.7 2.7 2.3 2.3 2.3
918 2.6 2.6 2.6 2.3 2.3 2.3
919 3.1 3.1 3.1 2.3 2.3 2.3
920 2.6 2.6 2.6 2.3 2.3 2.3
921 2.8 2.8 2.8 2.3 2.3 2.3
922 2.5 2.5 2.5 2.3 2.3 2.3
923 2.9 2.9 2.9 2.3 2.3 2.3
924 2.8 2.8 2.8 2.3 2.3 2.3
925 2.4 2.4 2.4 2.2 2.2 2.2
926 2.5 2.5 2.5 2.2 2.2 2.2
927 2.5 2.5 2.5 2.2 2.2 2.2
928 2.4 2.4 2.4 2.2 2.2 2.2
929 2.9 2.9 2.9 2.2 2.2 2.2
930 2.7 2.7 2.7 2.2 2.2 2.2
931 2.9 2.9 2.9 2.2 2.2 2.2
932 2.5 2.5 2.5 2.2 2.2 2.2
933 2.9 2.9 2.9 2.2 2.2 2.2
934 2.6 2.6 2.6 2.2 2.2 2.2
935 2.6 2.6 2.6 2.2 2.2 2.2
936 2.7 2.7 2.7 2.1 2.1 2.1
937 2.4 2.4 2.4 2.1 2.1 2.1
938 2.4 2.4 2.4 2.1 2.1 2.1
939 2.5 2.5 2.5 2.1 2.1 2.1
940 2.5 2.5 2.5 2.1 2.1 2.1
941 2.6 2.6 2.6 2.1 2.1 2.1
942 2.7 2.7 2.7 2.1 2.1 2.1
943 2.6 2.6 2.6 2.1 2.1 2.1
944 2.8 2.8 2.8 2.1 2.1 2.1
945 2.7 2.7 2.7 2.1 2.1 2.1
946 2.9 2.9 2.9 2.1 2.1 2.1
947 2.9 2.9 2.9 2.1 2.1 2.1
948 2.7 2.7 2.7 2.1 2.1 2.1
949 2.7 2.7 2.7 2.1 2.1 2.1
950 2.4 2.4 2.4 2.1 2.1 2.1
951 2.5 2.5 2.5 2.1 2.1 2.1
952 2.4 2.4 2.4 2.0 2.0 2.0
953 2.4 2.4 2.4 2.0 2.0 2.0
954 2.5 2.5 2.5 2.0 2.0 2.0
955 2.5 2.5 2.5 2.0 2.0 2.0
956 2.3 2.3 2.3 2.0 2.0 2.0
957 3.0 3.0 3.0 2.0 2.0 2.0
958 2.6 2.6 2.6 2.0 2.0 2.0
959 2.4 2.4 2.4 2.0 2.0 2.0
960 2.6 2.6 2.6 2.0 2.0 2.0
961 2.6 2.6 2.6 2.0 2.0 2.0
962 2.6 2.6 2.6 2.0 2.0 2.0
963 2.6 2.6 2.6 2.0 2.0 2.0
964 2.6 2.6 2.6 2.0 2.0 2.0
965 2.6 2.6 2.6 2.0 2.0 2.0
966 2.7 2.7 2.7 2.0 2.0 2.0
967 2.7 2.7 2.7 2.0 2.0 2.0
968 2.3 2.3 2.3 2.0 2.0 2.0
969 2.6 2.6 2.6 2.0 2.0 2.0
970 2.4 2.4 2.4 2.0 2.0 2.0
971 2.7 2.7 2.7 2.0 2.0 2.0
972 2.6 2.6 2.6 2.0 2.0 2.0
973 2.5 2.5 2.5 2.0 2.0 2.0
974 2.4 2.4 2.4 2.0 2.0 2.0
975 2.6 2.6 2.6 2.0 2.0 2.0
976 2.8 2.8 2.8 2.0 2.0 2.0
977 2.6 2.6 2.6 2.0 2.0 2.0
978 2.7 2.7 2.7 2.0 2.0 2.0
979 2.8 2.8 2.8 2.0 2.0 2.0
980 2.3 2.3 2.3 2.0 2.0 2.0
981 2.7 2.7 2.7 1.9 1.9 1.9
982 2.4 2.4 2.4 1.9 1.9 1.9
983 2.5 2.5 2.5 1.9 1.9 1.9
984 2.6 2.6 2.6 1.9 1.9 1.9
985 2.6 2.6 2.6 1.9 1.9 1.9
986 2.6 2.6 2.6 1.9 1.9 1.9
987 2.4 2.4 2.4 1.9 1.9 1.9
988 2.6 2.6 2.6 1.9 1.9 1.9
989 2.6 2.6 2.6 1.9 1.9 1.9
990 2.8 2.8 2.8 1.9 1.9 1.9
991 2.3 2.3 2.3 1.9 1.9 1.9
992 2.5 2.5 2.5 1.9 1.9 1.9
993 2.5 2.5 2.5 1.9 1.9 1.9
994 2.6 2.6 2.6 1.9 1.9 1.9
995 2.5 2.5 2.5 1.9 1.9 1.9
996 2.4 2.4 2.4 1.9 1.9 1.9
997 2.4 2.4 2.4 1.9 1.9 1.9
998 2.6 2.6 2.6 1.9 1.9 1.9
999 2.7 2.7 2.7 1.9 1.9 1.9
1000 2.6 2.6 2.6 1.9 1.9 1.9
1001 2.3 2.3 2.3 1.9 1.9 1.9
1002 2.5 2.5 2.5 1.9 1.9 1.9
1003 2.5 2.5 2.5 1.9 1.9 1.9
1004 2.5 2.5 2.5 1.9 1.9 1.9
1005 2.7 2.7 2.7 1.9 1.9 1.9
1006 2.3 2.3 2.3 1.9 1.9 1.9
1007 2.5 2.5 2.5 1.9 1.9 1.9
1008 2.6 2.6 2.6 1.9 1.9 1.9
1009 2.7 2.7 2.7 1.9 1.9 1.9
1010 2.7 2.7 2.7 1.9 1.9 1.9
1011 2.5 2.5 2.5 1.9 1.9 1.9
1012 2.4 2.4 2.4 1.9 1.9 1.9
1013 2.6 2.6 2.6 1.9 1.9 1.9
1014 2.2 2.2 2.2 1.9 1.9 1.9
1015 2.6 2.6 2.6 1.9 1.9 1.9
1016 2.7 2.7 2.7 1.9 1.9 1.9
1017 2.5 2.5 2.5 1.9 1.9 1.9
1018 2.6 2.6 2.6 1.9 1.9 1.9
1019 2.7 2.7 2.7 1.9 1.9 1.9
1020 2.8 2.8 2.8 1.9 1.9 1.9
1021 2.6 2.6 2.6 1.9 1.9 1.9
1022 2.5 2.5 2.5 1.9 1.9 1.9
1023 2.3 2.3 2.3 1.9 1.9 1.9
1024 2.4 2.4 2.4 1.9 1.9 1.9
1025 2.4 2.4 2.4 1.9 1.9 1.9
1026 2.7 2.7 2.7 1.9 1.9 1.9
1027 2.3 2.3 2.3 1.9 1.9 1.9
1028 2.4 2.4 2.4 1.9 1.9 1.9
1029 2.5 2.5 2.5 1.9 1.9 1.9
1030 2.2 2.2 2.2 1.9 1.9 1.9
1031 2.5 2.5 2.5 1.9 1.9 1.9
1032 2.5 2.5 2.5 1.9 1.9 1.9
1033 2.4 2.4 2.4 1.9 1.9 1.9
1034 2.6 2.6 2.6 1.9 1.9 1.9
1035 2.6 2.6 2.6 1.9 1.9 1.9
1036 2.5 2.5 2.5 1.9 1.9 1.9
1037 2.4 2.4 2.4 1.9 1.9 1.9
1038 2.8 2.8 2.8 1.9 1.9 1.9
1039 2.6 2.6 2.6 1.9 1.9 1.9
1040 2.4 2.4 2.4 1.9 1.9 1.9
1041 2.4 2.4 2.4 1.9 1.9 1.9
1042 2.3 2.3 2.3 1.9 1.9 1.9
1043 2.6 2.6 2.6 1.9 1.9 1.9
1044 2.7 2.7 2.7 1.9 1.9 1.9
1045 2.2 2.2 2.2 1.9 1.9 1.9
1046 2.5 2.5 2.5 1.9 1.9 1.9
1047 2.7 2.7 2.7 1.9 1.9 1.9
1048 2.5 2.5 2.5 1.9 1.9 1.9
1049 2.4 2.4 2.4 1.9 1.9 1.9
1050 2.4 2.4 2.4 1.9 1.9 1.9
1051 2.3 2.3 2.3 1.9 1.9 1.9
1052 2.3 2.3 2.3 1.9 1.9 1.9
1053 2.0 2.0 2.0 1.9 1.9 1.9
1054 2.6 2.6 2.6 1.9 1.9 1.9
1055 2.6 2.6 2.6 1.9 1.9 1.9
1056 2.5 2.5 2.5 1.9 1.9 1.9
1057 2.4 2.4 2.4 1.9 1.9 1.9
1058 2.6 2.6 2.6 1.9 1.9 1.9
1059 2.5 2.5 2.5 1.9 1.9 1.9
1060 2.8 2.8 2.8 1.9 1.9 1.9
1061 2.5 2.5 2.5 1.9 1.9 1.9
1062 2.3 2.3 2.3 1.9 1.9 1.9
1063 2.8 2.8 2.8 1.9 1.9 1.9
1064 2.4 2.4 2.4 1.9 1.9 1.9
1065 2.7 2.7 2.7 1.9 1.9 1.9
1066 2.4 2.4 2.4 1.9 1.9 1.9
1067 2.4 2.4 2.4 1.9 1.9 1.9
1068 2.4 2.4 2.4 1.9 1.9 1.9
1069 2.8 2.8 2.8 1.9 1.9 1.9
1070 2.4 2.4 2.4 1.9 1.9 1.9
