0 1.3 9.7 16.7 0.2 8.7 15.5
1 1.2 9.6 16.6 0.2 8.9 15.7
2 0.9 8.9 15.9 0.2 9.1 16.0
3 1.3 10.1 17.1 0.2 9.2 16.3
4 1.7 10.5 17.5 0.3 9.4 16.6
5 1.2 9.6 16.6 0.3 9.5 16.9
6 1.0 9.3 17.3 0.3 9.7 17.2
7 1.8 10.8 18.8 0.3 9.9 17.5
8 1.3 9.5 17.5 0.3 10.0 17.8
9 1.0 9.5 17.5 0.3 10.2 18.0
10 1.2 10.6 18.6 0.3 10.4 18.3
11 1.4 11.2 19.2 0.3 10.5 18.6
12 1.3 11.2 19.2 0.3 10.7 18.9
13 1.2 10.6 19.6 0.3 10.9 19.2
14 1.4 10.8 19.8 0.3 11.0 19.5
15 1.6 11.0 20.0 0.3 11.2 19.8
16 1.4 12.1 20.1 0.3 11.3 20.0
17 0.8 11.1 20.1 0.3 11.5 20.3
18 1.4 11.6 20.6 0.4 11.7 20.6
19 1.2 11.7 20.7 0.4 11.8 20.9
20 1.0 11.3 21.3 0.4 12.0 21.2
21 1.7 12.3 22.3 0.4 12.1 21.5
22 1.4 13.7 22.7 0.4 12.3 21.7
23 0.9 12.0 21.0 0.4 12.5 22.0
24 1.6 13.7 23.7 0.4 12.6 22.3
25 0.8 12.0 22.0 0.4 12.8 22.5
26 1.2 12.5 22.5 0.4 12.9 22.8
27 1.2 12.9 22.9 0.4 13.1 23.1
28 1.2 12.6 23.6 0.4 13.2 23.3
29 0.7 12.9 22.9 0.4 13.4 23.6
30 1.4 14.3 24.3 0.4 13.5 23.9
31 1.5 14.5 25.3 0.4 13.7 24.1
32 1.6 14.3 25.3 0.5 13.8 24.4
33 2.3 15.2 26.2 0.5 13.9 24.6
34 2.1 15.4 26.4 0.5 14.1 24.9
35 1.4 14.6 25.6 0.5 14.2 25.1
36 1.3 14.5 25.5 0.5 14.4 25.3
37 0.9 14.1 25.1 0.5 14.5 25.6
38 1.4 15.2 26.2 0.5 14.6 25.8
39 1.6 15.7 26.7 0.5 14.7 26.0
40 1.4 15.1 26.9 0.5 14.9 26.2
41 1.0 14.7 26.7 0.5 15.0 26.5
42 1.3 14.8 26.8 0.5 15.1 26.7
43 1.6 14.9 26.9 0.5 15.2 26.9
44 1.7 15.2 27.2 0.6 15.4 27.1
45 1.1 15.7 27.7 0.6 15.5 27.3
46 1.2 15.8 27.8 0.6 15.6 27.5
47 1.7 16.4 28.4 0.6 15.7 27.7
48 1.0 15.4 27.4 0.6 15.8 27.8
49 1.4 16.1 28.1 0.6 15.9 28.0
50 1.3 15.3 27.3 0.6 16.0 28.2
51 1.0 15.8 28.8 0.6 16.1 28.4
52 2.0 17.0 30.0 0.6 16.2 28.5
53 1.9 16.1 29.1 0.6 16.3 28.7
54 2.2 16.2 29.2 0.6 16.4 28.8
55 1.3 16.4 28.4 0.6 16.5 29.0
56 2.1 17.4 29.4 0.6 16.5 29.1
57 2.2 17.7 30.7 0.7 16.6 29.2
58 2.8 18.0 31.0 0.7 16.7 29.4
59 2.2 17.6 30.6 0.7 16.8 29.5
60 1.5 16.7 29.7 0.7 16.8 29.6
61 1.7 16.7 29.7 0.7 16.9 29.7
62 2.0 17.2 30.2 0.7 16.9 29.8
63 1.2 15.7 28.7 0.7 17.0 29.9
64 1.7 16.6 29.6 0.7 17.1 30.0
65 2.1 17.3 30.3 0.7 17.1 30.1
66 1.0 15.8 28.8 0.7 17.2 30.2
67 1.6 16.4 29.4 0.7 17.2 30.2
68 1.8 16.8 30.8 0.7 17.2 30.3
69 2.6 18.0 32.0 0.7 17.3 30.4
70 1.6 16.5 30.5 0.8 17.3 30.4
71 2.1 17.5 31.5 0.8 17.3 30.5
72 1.4 16.5 30.5 0.8 17.4 30.5
73 2.0 17.2 31.2 0.8 17.4 30.5
74 2.3 17.4 31.4 0.8 17.4 30.6
75 1.9 17.0 31.0 0.8 17.4 30.6
76 2.2 17.1 31.1 0.8 17.4 30.6
77 1.7 16.8 30.8 0.8 17.4 30.6
78 2.0 17.5 31.5 0.8 17.4 30.6
79 1.4 16.1 29.9 0.8 17.4 30.6
80 1.7 16.8 30.6 0.8 17.4 30.6
81 1.0 16.2 30.0 0.8 17.4 30.5
82 1.7 17.0 30.8 0.9 17.4 30.5
83 2.3 17.8 31.5 0.9 17.4 30.5
84 1.6 17.2 31.0 0.9 17.4 30.4
85 1.3 16.6 30.3 0.9 17.4 30.4
86 1.6 16.5 29.9 0.9 17.3 30.4
87 1.3 16.0 29.2 0.9 17.3 30.3
88 2.0 17.2 30.2 0.9 17.3 30.2
89 1.7 16.6 29.6 0.9 17.2 30.2
90 1.7 17.0 30.0 0.9 17.2 30.1
91 1.5 16.1 29.1 1.0 17.2 30.0
92 2.0 17.3 30.3 1.0 17.1 29.9
93 1.6 16.5 29.5 1.0 17.1 29.8
94 2.1 17.3 30.3 1.0 17.0 29.7
95 1.7 16.6 29.6 1.0 17.0 29.6
96 2.2 17.3 30.3 1.0 16.9 29.5
97 1.8 16.9 29.3 1.0 16.8 29.4
98 2.4 17.4 29.6 1.0 16.8 29.3
99 2.2 17.3 29.3 1.0 16.7 29.1
100 1.8 16.9 28.9 1.1 16.6 29.0
101 1.3 15.7 27.8 1.1 16.6 28.8
102 2.0 16.1 29.1 1.1 16.5 28.7
103 1.7 15.4 28.4 1.1 16.4 28.6
104 1.9 16.0 28.3 1.1 16.3 28.4
105 2.3 16.6 28.6 1.1 16.3 28.2
106 2.1 16.3 28.3 1.1 16.2 28.1
107 2.1 16.4 28.4 1.2 16.1 27.9
108 1.3 15.1 27.1 1.2 16.0 27.7
109 1.9 15.8 27.8 1.2 15.9 27.6
110 1.7 15.8 27.4 1.2 15.8 27.4
111 1.7 15.7 26.7 1.2 15.7 27.2
112 2.6 16.9 27.9 1.2 15.6 27.0
113 1.1 14.6 25.9 1.3 15.5 26.8
114 1.6 14.3 26.3 1.3 15.4 26.6
115 1.7 14.8 26.0 1.3 15.3 26.4
116 2.3 15.6 26.6 1.3 15.2 26.2
117 1.5 14.5 25.5 1.3 15.1 26.0
118 1.8 14.6 25.6 1.4 15.0 25.8
119 1.3 14.2 25.0 1.4 14.9 25.6
120 1.3 14.2 24.2 1.4 14.8 25.3
121 1.5 13.8 23.8 1.4 14.6 25.1
122 1.5 13.4 24.1 1.4 14.5 24.9
123 2.0 13.8 24.7 1.5 14.4 24.7
124 2.7 14.9 25.2 1.5 14.3 24.4
125 1.5 13.6 23.6 1.5 14.2 24.2
126 1.3 13.3 23.3 1.5 14.0 24.0
127 2.2 14.3 24.3 1.5 13.9 23.7
128 3.0 15.0 24.3 1.6 13.8 23.5
129 2.3 14.0 23.0 1.6 13.7 23.2
130 1.7 12.2 21.8 1.6 13.6 23.0
131 2.4 13.0 23.0 1.6 13.4 22.8
132 2.6 13.2 22.7 1.7 13.3 22.5
133 3.4 14.0 23.0 1.7 13.2 22.3
134 3.6 14.1 23.1 1.7 13.0 22.0
135 3.0 13.4 22.4 1.7 12.9 21.8
136 3.3 13.8 22.4 1.8 12.8 21.5
137 3.1 13.6 21.6 1.8 12.7 21.3
138 2.6 13.0 21.2 1.8 12.5 21.0
139 2.2 11.6 20.6 1.9 12.4 20.8
140 3.0 12.7 21.6 1.9 12.3 20.5
141 2.6 11.9 19.9 1.9 12.2 20.3
142 2.3 11.8 19.8 1.9 12.0 20.0
143 1.9 11.2 19.2 2.0 11.9 19.8
144 2.5 11.6 19.4 2.0 11.8 19.5
145 2.2 11.8 18.8 2.0 11.6 19.3
146 2.2 11.5 18.8 2.1 11.5 19.0
147 1.7 10.1 18.1 2.1 11.4 18.7
148 3.4 12.2 20.0 2.1 11.3 18.5
149 2.8 11.7 18.7 2.2 11.1 18.2
150 2.8 11.4 18.4 2.2 11.0 18.0
151 2.5 10.8 17.8 2.2 10.9 17.8
152 3.0 11.7 18.6 2.2 10.8 17.5
153 2.7 11.3 17.3 2.3 10.6 17.3
154 1.7 9.6 15.8 2.3 10.5 17.0
155 3.0 10.7 17.6 2.3 10.4 16.8
156 3.0 10.8 17.8 2.4 10.3 16.5
157 2.7 10.1 16.1 2.4 10.2 16.3
158 3.0 10.3 16.3 2.4 10.0 16.1
159 2.8 9.9 15.9 2.5 9.9 15.8
160 2.5 9.5 15.5 2.5 9.8 15.6
161 3.2 10.0 15.0 2.5 9.7 15.3
162 3.3 10.0 15.0 2.6 9.6 15.1
163 3.4 9.7 15.2 2.6 9.5 14.9
164 2.8 8.7 14.5 2.6 9.3 14.7
165 2.6 8.1 13.7 2.7 9.2 14.4
166 3.7 9.4 14.4 2.7 9.1 14.2
167 2.7 8.3 13.3 2.7 9.0 14.0
168 3.4 9.1 14.1 2.8 8.9 13.8
169 3.3 9.1 14.1 2.8 8.8 13.6
170 3.4 9.1 13.3 2.8 8.7 13.3
171 3.3 9.0 13.0 2.9 8.6 13.1
172 3.1 8.9 12.9 2.9 8.5 12.9
173 3.3 8.9 13.2 2.9 8.4 12.7
174 3.2 8.1 13.0 3.0 8.3 12.5
175 3.4 8.2 12.5 3.0 8.2 12.3
176 2.6 7.3 11.3 3.0 8.1 12.1
177 4.0 8.9 12.9 3.0 8.0 11.9
178 2.8 7.4 11.4 3.1 7.9 11.7
179 2.3 7.0 11.0 3.1 7.8 11.6
180 2.8 7.3 10.8 3.1 7.7 11.4
181 3.3 7.9 10.9 3.2 7.6 11.2
182 3.3 8.1 11.1 3.2 7.6 11.0
183 3.3 8.1 11.1 3.2 7.5 10.8
184 2.9 7.4 10.7 3.3 7.4 10.7
185 3.5 7.6 11.3 3.3 7.3 10.5
186 2.7 6.5 9.9 3.3 7.2 10.3
187 4.4 8.1 11.1 3.3 7.1 10.2
188 3.3 6.6 9.6 3.4 7.1 10.0
189 3.0 6.2 9.2 3.4 7.0 9.8
190 3.0 6.1 9.1 3.4 6.9 9.7
191 4.2 7.3 10.3 3.5 6.8 9.5
192 4.5 7.4 10.4 3.5 6.8 9.4
193 4.5 7.5 9.8 3.5 6.7 9.2
194 3.1 6.0 8.0 3.5 6.6 9.1
195 4.6 7.5 9.5 3.6 6.6 9.0
196 4.3 7.2 9.2 3.6 6.5 8.8
197 4.8 7.7 9.7 3.6 6.4 8.7
198 3.4 6.3 8.3 3.6 6.4 8.5
199 3.4 5.7 8.2 3.6 6.3 8.4
200 4.0 6.2 8.7 3.7 6.2 8.3
201 4.3 6.4 8.3 3.7 6.2 8.2
202 4.1 6.1 8.1 3.7 6.1 8.0
203 4.0 6.0 8.0 3.7 6.1 7.9
204 4.5 6.4 8.4 3.8 6.0 7.8
205 4.0 6.0 8.0 3.8 6.0 7.7
206 4.4 6.4 8.4 3.8 5.9 7.6
207 4.1 6.0 8.0 3.8 5.9 7.5
208 3.8 5.7 7.7 3.8 5.8 7.4
209 3.0 4.8 6.7 3.8 5.8 7.3
210 4.9 6.8 8.2 3.9 5.7 7.2
211 4.1 6.0 7.0 3.9 5.7 7.1
212 4.4 6.3 7.3 3.9 5.6 7.0
213 3.7 5.7 6.7 3.9 5.6 6.9
214 4.7 6.7 7.7 3.9 5.5 6.8
215 3.8 5.7 6.7 3.9 5.5 6.7
216 4.7 6.6 7.6 4.0 5.4 6.6
217 4.6 6.4 7.4 4.0 5.4 6.5
218 5.0 7.0 8.0 4.0 5.4 6.5
219 4.9 6.9 7.9 4.0 5.3 6.4
220 3.9 5.8 6.8 4.0 5.3 6.3
221 5.1 7.0 8.1 4.0 5.2 6.2
222 4.3 6.0 6.6 4.0 5.2 6.1
223 5.0 6.6 7.1 4.0 5.2 6.1
224 5.5 7.0 7.4 4.0 5.1 6.0
225 4.3 5.6 6.0 4.0 5.1 5.9
226 5.2 6.6 7.0 4.1 5.1 5.9
227 3.5 4.2 5.2 4.1 5.0 5.8
228 4.6 5.3 6.3 4.1 5.0 5.7
229 5.0 5.7 6.7 4.1 5.0 5.7
230 4.3 4.9 5.9 4.1 4.9 5.6
231 5.1 5.8 6.8 4.1 4.9 5.6
232 4.8 5.4 6.4 4.1 4.9 5.5
233 4.5 5.0 6.0 4.1 4.8 5.5
234 4.1 4.6 5.6 4.1 4.8 5.4
235 5.3 5.8 6.8 4.1 4.8 5.3
236 4.1 4.6 5.6 4.1 4.8 5.3
237 4.8 5.2 6.2 4.1 4.7 5.2
238 4.9 5.2 6.1 4.1 4.7 5.2
239 5.6 5.9 6.6 4.1 4.7 5.1
240 4.4 4.7 5.3 4.1 4.7 5.1
241 4.7 5.0 5.4 4.1 4.6 5.1
242 3.9 4.1 4.5 4.1 4.6 5.0
243 4.9 5.1 5.4 4.1 4.6 5.0
244 4.3 4.6 4.7 4.1 4.6 4.9
245 5.3 5.7 5.7 4.1 4.5 4.9
246 4.6 4.9 4.9 4.1 4.5 4.8
247 6.1 6.5 6.5 4.1 4.5 4.8
248 4.9 5.3 5.3 4.1 4.5 4.8
249 4.5 4.9 4.9 4.1 4.4 4.7
250 4.6 5.1 5.1 4.1 4.4 4.7
251 3.4 4.0 4.0 4.1 4.4 4.7
252 4.4 4.9 4.9 4.1 4.4 4.6
253 4.9 5.5 5.5 4.0 4.4 4.6
254 4.4 5.0 5.0 4.0 4.3 4.6
255 5.4 6.1 6.1 4.0 4.3 4.5
256 4.1 4.7 4.7 4.0 4.3 4.5
257 4.3 4.9 4.9 4.0 4.3 4.5
258 4.3 5.0 5.0 4.0 4.2 4.4
259 4.3 5.0 5.0 4.0 4.2 4.4
260 3.5 4.2 4.2 4.0 4.2 4.4
261 3.9 4.8 4.8 4.0 4.2 4.3
262 4.1 4.9 4.9 4.0 4.2 4.3
263 3.6 4.0 4.4 4.0 4.1 4.3
264 4.6 5.1 5.6 3.9 4.1 4.3
265 4.2 4.5 5.0 3.9 4.1 4.2
266 4.3 4.7 5.2 3.9 4.1 4.2
267 3.7 4.1 4.6 3.9 4.1 4.2
268 3.7 4.1 4.5 3.9 4.0 4.2
269 3.0 3.2 3.6 3.9 4.0 4.1
270 4.6 4.9 5.3 3.9 4.0 4.1
271 4.3 4.5 4.8 3.9 4.0 4.1
272 4.3 4.5 4.9 3.9 4.0 4.1
273 3.2 3.3 3.5 3.8 3.9 4.0
274 4.9 5.0 5.3 3.8 3.9 4.0
275 3.6 3.7 3.8 3.8 3.9 4.0
276 3.3 3.3 3.5 3.8 3.9 4.0
277 4.2 4.2 4.4 3.8 3.9 3.9
278 3.4 3.4 3.4 3.8 3.9 3.9
279 4.4 4.4 4.5 3.8 3.8 3.9
280 4.1 4.1 4.1 3.7 3.8 3.9
281 4.0 4.0 4.0 3.7 3.8 3.9
282 4.5 4.5 4.5 3.7 3.8 3.8
283 3.7 3.7 3.7 3.7 3.8 3.8
284 4.3 4.3 4.3 3.7 3.7 3.8
285 3.4 3.4 3.4 3.7 3.7 3.8
286 4.1 4.1 4.1 3.7 3.7 3.7
287 4.4 4.4 4.4 3.6 3.7 3.7
288 3.3 3.3 3.3 3.6 3.7 3.7
289 4.4 4.4 4.4 3.6 3.7 3.7
290 3.7 3.7 3.7 3.6 3.6 3.7
291 4.7 4.7 4.7 3.6 3.6 3.6
292 3.4 3.4 3.4 3.6 3.6 3.6
293 3.0 3.0 3.0 3.5 3.6 3.6
294 3.9 3.9 3.9 3.5 3.6 3.6
295 4.1 4.1 4.1 3.5 3.5 3.6
296 4.9 4.9 4.9 3.5 3.5 3.5
297 4.8 4.8 4.8 3.5 3.5 3.5
298 3.1 3.1 3.1 3.5 3.5 3.5
