500,1629 judged 1.9,1.9,1.9 expected 1.0,1.0,1.0 |d| 1.0
800,1629 judged 1.5,1.5,1.5 expected 0.0,0.0,0.0 |d| 1.5
500,1705 judged 3.4,3.4,3.4 expected 4.0,4.0,4.0 |d| 0.6
800,1705 judged 1.4,1.4,1.4 expected 0.0,0.0,0.0 |d| 1.4
500,1781 judged 3.9,3.9,3.9 expected 4.2,4.2,4.2 |d| 0.3
800,1781 judged 1.4,1.4,1.4 expected 0.1,0.1,0.1 |d| 1.3
500,1856 judged 2.3,2.3,2.3 expected 1.6,1.6,1.6 |d| 0.6
800,1856 judged 1.9,1.9,1.9 expected 0.6,0.6,0.6 |d| 1.3
500,1932 judged 1.8,1.8,1.8 expected 1.2,1.2,1.2 |d| 0.7
800,1932 judged 2.1,2.1,2.1 expected 1.3,1.3,1.3 |d| 0.9
