0.000000
1.441500
1.490956
1.507611
1.524267
1.540922
1.557878
1.574278
1.590911
1.607544
1.624422
1.640867
1.657656
1.674244
1.690989
1.707733
1.724278
1.790689
1.817378
1.848267
1.943933
1.955078
1.964044
1.980211
2.011433
2.020967
2.025700
2.042522
2.059589
2.076256
2.093100
2.109689
2.125889
2.142889
2.159122
2.176056
2.192700
2.209344
2.225844
2.242344
2.259000
2.275922
2.292389
2.311167
2.336578
2.342189
2.359056
2.390722
2.394489
2.417089
2.427300
2.441900
2.458544
2.475189
2.491833
2.508478
2.525333
2.543422
2.558667
2.575278
2.591656
2.608033
2.624778
2.641311
