16666666
0	0	0
0	0	0
0	0	0
0	0	0
0	0	0
0	0	0
0	0	0
0	0	0
0	0	0
0	0	0
0	0	0
0	0	0
0	0	0
0	0	0
0	0	0
0	0	0
0	0	0
0	0	0
0	0	0
0	0	0
0	0	0
0	0	0
0	0	0
0	0	0
0	0	0
0	0	0
0	0	0
0	0	0
0	0	0
0	0	0
0	0	0
0	0	0
0	0	0
0	0	0
0	0	0
0	0	0
0	0	0
0	0	0
0	0	0
0	0	0
0	0	0
0	0	0
0	0	0
0	0	0
0	0	0
0	0	0
0	0	0
0	0	0
0	0	0
0	0	0
0	0	0
0	0	0
0	0	0
0	0	0
0	0	0
0	0	0
0	0	0
0	0	0
0	0	0
0	0	0
0	0	0
0	0	0
0	0	0
0	0	0
0	0	0
0	0	0
0	0	0
0	0	0
0	0	0
0	0	0
0	0	0
0	0	0
0	0	0
0	0	0
0	0	0
0	0	0
0	0	0
0	0	0
0	0	0
0	0	0
0	0	0
0	0	0
0	0	0
0	0	0
0	0	0
0	0	0
0	0	0
0	17073277632176	17073275737703
17073301262208	17073312455548	17073309107239
17073311680485	17073327399522	17073325503556
17073325437893	17073344153850	17073329937030
17073329887637	17073361315351	17073347288888
17073347230739	17073377560194	17073363509096
17073363435006	17073394333869	17073380684223
17073380650489	17073411048343	17073398268808
17073398185392	17073427310448	17073414796141
17073414709859	17073444795066	17073430954732
17073430191891	17073460855203	17073430957437
17073448381993	17073477110515	17073462530705
17073462489608	17073493771659	17073478995670
17073478950095	17073510352592	17073495851249
17073495816283	17073527346109	17073512151836
17073512117772	17073543716788	17073528578450
17073528543925	17073560470525	17073545250634
17073545202323	17073577107083	17073562207993
17073562168089	17073593713484	17073578815126
17073578777665	17073610576185	17073594957546
17073594701546	17073627452742	17073611848761
17073611807855	17073644357222	17073628471813
17073628392114	17073661677011	17073645534941
17073645494746	17073677079335	17073662799516
17073662738171	17073693813335	17073692438957
0	17079011105793	17079009091716
0	17079977501255	17079975728831
17080012188532	17080028159562	17080025807661
17080028685798	17080043980499	17080042409092
17080044628024	17080061002029	17080059074955
17080060179316	17080077993512	17080075714619
17080077166030	17080094115144	17080092397152
17080095006285	17080110532360	17080109053346
17080111695641	17080128141371	17080125734367
17080127286418	17080144141716	17080142394299
17080145657418	17080161438882	17080159082413
17080160506132	17080178025816	17080175747133
17080177173598	17080194572706	17080192387157
17080193665654	17080211060634	17080209096070
17080210142623	17080227741775	17080225752705

