450,1282 judged 5.3,5.3,5.3 expected 4.7,4.7,4.7 |d| 0.6
650,1282 judged 5.6,5.6,5.6 expected 5.6,5.6,5.6 |d| 0.0
850,1282 judged 4.8,4.8,4.8 expected 4.8,4.8,4.8 |d| 0.0
1000,1282 judged 4.9,4.9,4.9 expected 4.5,4.5,4.5 |d| 0.4
450,1398 judged 2.5,2.5,2.5 expected 1.9,1.9,1.9 |d| 0.6
650,1398 judged 8.1,8.1,8.1 expected 8.8,8.8,8.8 |d| 0.7
850,1398 judged 3.2,3.2,3.2 expected 3.1,3.1,3.1 |d| 0.2
1000,1398 judged 1.6,1.6,1.6 expected 0.8,0.8,0.8 |d| 0.8
450,1504 judged 4.1,4.1,4.1 expected 3.6,3.6,3.6 |d| 0.5
650,1504 judged 6.9,6.9,6.9 expected 6.9,6.9,6.9 |d| 0.1
850,1504 judged 4.9,4.9,4.9 expected 4.1,4.1,4.1 |d| 0.8
1000,1504 judged 3.4,3.4,3.4 expected 3.0,3.0,3.0 |d| 0.4
