404 38.4 36.6 38.4 37.9 36.3 37.9
405 37.9 36.1 37.9 37.9 36.3 37.9
406 37.7 35.9 37.7 37.9 36.3 37.9
407 38.0 36.2 38.0 37.9 36.3 37.9
408 38.2 36.4 38.2 37.9 36.3 37.9
409 38.6 36.7 38.6 37.9 36.3 37.9
410 37.9 36.0 37.9 37.9 36.3 37.9
411 37.9 36.1 37.9 37.9 36.3 37.9
412 37.9 36.1 37.9 37.9 36.3 37.9
413 38.4 36.6 38.4 37.9 36.3 37.9
414 37.8 36.0 37.8 37.9 36.3 37.9
415 38.1 36.3 38.1 37.9 36.3 37.9
416 37.2 35.4 37.2 37.9 36.3 37.9
417 37.3 35.5 37.3 37.9 36.3 37.9
418 38.9 37.1 38.9 37.9 36.3 37.9
419 38.1 36.3 38.1 37.9 36.3 37.9
420 37.8 36.0 37.8 37.9 36.3 37.9
421 37.9 36.0 37.9 37.9 36.3 37.9
422 38.4 36.6 38.4 37.9 36.3 37.9
423 37.8 36.0 37.8 37.9 36.3 37.9
424 38.5 36.7 38.5 37.9 36.3 37.9
425 38.3 36.5 38.3 37.9 36.3 37.9
426 36.7 34.9 36.7 37.9 36.3 37.9
427 37.8 36.0 37.8 37.9 36.3 37.9
428 38.4 36.6 38.4 37.9 36.3 37.9
429 38.0 36.2 38.0 37.9 36.3 37.9
430 38.1 36.3 38.1 37.9 36.3 37.9
431 37.6 35.8 37.6 37.9 36.3 37.9
432 38.3 36.5 38.3 37.9 36.3 37.9
433 37.3 35.5 37.3 37.9 36.3 37.9
434 37.8 36.0 37.8 37.9 36.3 37.9
435 38.4 36.6 38.4 37.9 36.3 37.9
436 38.9 37.1 38.9 37.9 36.3 37.9
437 38.5 36.6 38.5 37.9 36.3 37.9
438 37.7 35.8 37.7 37.9 36.3 37.9
439 37.9 36.1 37.9 37.9 36.3 37.9
440 37.5 35.6 37.5 37.9 36.3 37.9
441 37.6 35.7 37.6 37.9 36.3 37.9
442 39.1 37.2 39.1 37.9 36.3 37.9
443 37.4 35.6 37.4 37.9 36.3 37.9
444 37.8 35.9 37.8 37.9 36.3 37.9
445 38.2 36.4 38.2 37.9 36.4 37.9
446 38.7 36.9 38.7 37.9 36.4 37.9
447 37.6 35.7 37.6 37.9 36.4 37.9
448 37.7 35.9 37.7 37.9 36.4 37.9
449 37.9 36.1 37.9 37.9 36.4 38.0
450 38.5 36.7 38.5 38.0 36.4 38.0
451 38.8 37.0 38.8 38.0 36.4 38.0
452 38.2 36.4 38.2 38.0 36.4 38.0
453 38.1 36.3 38.1 38.0 36.4 38.0
454 38.7 36.9 38.7 38.0 36.4 38.0
455 37.7 35.8 37.7 38.0 36.4 38.0
456 37.4 35.6 37.4 38.0 36.4 38.0
457 38.1 36.3 38.1 38.0 36.4 38.0
458 37.9 36.1 37.9 38.0 36.4 38.0
459 38.1 36.3 38.1 38.0 36.4 38.0
460 37.9 36.1 37.9 38.0 36.4 38.0
461 38.9 37.2 38.9 38.0 36.5 38.0
462 38.2 36.4 38.2 38.0 36.5 38.0
463 38.4 36.6 38.4 38.0 36.5 38.1
464 38.2 36.5 38.2 38.1 36.5 38.1
465 38.4 36.8 38.4 38.1 36.5 38.1
466 37.7 36.1 37.7 38.1 36.5 38.1
467 37.8 36.2 37.8 38.1 36.5 38.1
468 38.3 36.6 38.3 38.1 36.5 38.1
469 37.5 35.9 37.5 38.1 36.5 38.1
470 38.5 36.9 38.5 38.1 36.6 38.1
471 37.7 36.1 37.7 38.1 36.6 38.2
472 37.9 36.4 37.9 38.2 36.6 38.2
473 37.7 36.2 37.7 38.2 36.6 38.2
474 38.2 36.7 38.2 38.2 36.6 38.2
475 38.8 37.3 38.8 38.2 36.6 38.2
476 38.4 36.9 38.4 38.2 36.7 38.2
477 37.7 36.1 37.7 38.3 36.7 38.3
478 37.6 36.0 37.6 38.3 36.7 38.3
479 38.1 36.6 38.1 38.3 36.7 38.3
480 37.9 36.4 37.9 38.3 36.7 38.3
481 38.3 36.7 38.3 38.3 36.8 38.3
482 37.9 36.6 37.9 38.4 36.8 38.4
483 38.6 37.2 38.6 38.4 36.8 38.4
484 38.4 36.9 38.4 38.4 36.8 38.4
485 38.8 37.3 38.8 38.5 36.9 38.5
486 38.7 37.2 38.7 38.5 36.9 38.5
487 38.1 36.6 38.1 38.5 36.9 38.5
488 38.9 37.3 38.9 38.5 37.0 38.5
489 39.3 37.7 39.3 38.6 37.0 38.6
490 38.2 36.6 38.2 38.6 37.0 38.6
491 38.8 37.1 38.8 38.6 37.1 38.7
492 38.8 37.1 38.8 38.7 37.1 38.7
493 39.3 37.6 39.3 38.7 37.1 38.7
494 37.9 36.2 37.9 38.8 37.2 38.8
495 38.5 36.6 38.5 38.8 37.2 38.8
496 39.4 37.5 39.4 38.9 37.3 38.9
497 39.1 37.3 39.1 38.9 37.3 38.9
498 38.5 36.7 38.5 39.0 37.4 39.0
499 38.7 37.0 38.7 39.0 37.4 39.0
500 39.9 38.2 39.9 39.1 37.5 39.1
501 39.4 37.8 39.4 39.1 37.5 39.1
502 38.1 36.6 38.1 39.2 37.6 39.2
503 39.0 37.5 39.0 39.2 37.6 39.2
504 39.1 37.6 39.1 39.3 37.7 39.3
505 38.5 37.0 38.5 39.3 37.8 39.3
506 38.7 37.5 38.7 39.4 37.8 39.4
507 38.9 37.6 38.9 39.5 37.9 39.5
508 39.7 38.4 39.7 39.5 38.0 39.6
509 40.2 38.7 40.2 39.6 38.0 39.6
510 39.8 38.1 39.8 39.7 38.1 39.7
511 39.9 38.2 39.9 39.8 38.2 39.8
512 39.6 37.7 39.6 39.9 38.3 39.9
513 39.7 37.9 39.7 39.9 38.4 39.9
514 40.5 38.8 40.5 40.0 38.4 40.0
515 39.4 37.9 39.4 40.1 38.5 40.1
516 39.5 38.1 39.5 40.2 38.6 40.2
517 40.2 38.8 40.2 40.3 38.7 40.3
518 39.9 38.7 39.9 40.4 38.8 40.4
519 40.8 39.5 40.8 40.5 38.9 40.5
520 40.6 38.9 40.6 40.6 39.0 40.6
521 40.7 38.9 40.7 40.7 39.1 40.7
522 41.1 39.1 41.1 40.8 39.2 40.8
523 41.3 39.4 41.3 40.9 39.3 40.9
524 41.2 39.4 41.2 41.0 39.5 41.0
525 40.4 39.1 40.4 41.2 39.6 41.2
526 40.8 39.7 40.8 41.3 39.7 41.3
527 41.0 39.7 41.0 41.4 39.8 41.4
528 42.1 40.4 42.1 41.5 40.0 41.6
529 41.1 39.1 41.1 41.7 40.1 41.7
530 41.6 39.7 41.6 41.8 40.2 41.8
531 42.3 40.6 42.3 42.0 40.4 42.0
532 41.5 40.2 41.5 42.1 40.5 42.1
533 42.4 41.3 42.4 42.3 40.7 42.3
534 42.7 41.1 42.7 42.4 40.8 42.4
535 42.8 41.1 42.8 42.6 41.0 42.6
536 42.8 40.8 42.8 42.7 41.2 42.7
537 43.6 41.8 43.6 42.9 41.3 42.9
538 42.6 41.2 42.6 43.1 41.5 43.1
539 43.1 42.0 43.1 43.2 41.7 43.2
540 43.4 41.8 43.4 43.4 41.8 43.4
541 44.3 42.3 44.3 43.6 42.0 43.6
542 44.0 42.0 44.0 43.8 42.2 43.8
543 43.8 42.2 43.8 44.0 42.4 44.0
544 43.5 42.5 43.5 44.2 42.6 44.2
545 44.7 43.3 44.7 44.4 42.8 44.4
546 44.9 42.9 44.9 44.6 43.0 44.6
547 44.6 42.6 44.6 44.8 43.2 44.8
548 44.8 43.1 44.8 45.0 43.4 45.0
549 44.6 43.6 44.6 45.2 43.6 45.2
550 44.6 43.2 44.6 45.4 43.9 45.4
551 46.1 44.1 46.1 45.7 44.1 45.7
552 45.5 43.5 45.5 45.9 44.3 45.9
553 46.3 44.8 46.3 46.1 44.5 46.1
554 46.3 45.3 46.3 46.4 44.8 46.4
555 47.4 45.4 47.4 46.6 45.0 46.6
556 46.8 44.8 46.8 46.9 45.3 46.9
557 46.7 45.2 46.7 47.1 45.5 47.1
558 47.0 46.0 47.0 47.4 45.8 47.4
559 48.4 46.4 48.4 47.6 46.0 47.6
560 48.0 46.0 48.0 47.9 46.3 47.9
561 48.0 47.0 48.0 48.2 46.6 48.2
562 47.6 46.6 47.6 48.4 46.9 48.4
563 49.0 47.0 49.0 48.7 47.1 48.7
564 48.4 46.4 48.4 49.0 47.4 49.0
565 48.9 47.9 48.9 49.3 47.7 49.3
566 49.5 47.7 49.6 49.6 48.0 49.6
567 50.6 48.6 50.6 49.9 48.3 49.9
568 49.9 48.9 49.9 50.2 48.6 50.2
569 50.4 49.4 50.4 50.5 48.9 50.5
570 50.9 48.9 50.9 50.8 49.2 50.8
571 51.4 50.4 51.4 51.1 49.5 51.1
572 51.5 50.5 51.5 51.4 49.8 51.4
573 52.8 50.8 52.8 51.7 50.1 51.7
574 52.2 50.3 52.2 52.0 50.4 52.0
575 52.2 51.2 52.2 52.4 50.8 52.4
576 53.0 51.1 53.1 52.7 51.1 52.7
577 53.6 51.6 53.6 53.0 51.4 53.0
578 53.3 52.3 53.3 53.3 51.8 53.3
579 53.7 51.8 53.7 53.7 52.1 53.7
580 53.6 51.6 53.6 54.0 52.4 54.0
581 53.6 52.6 53.6 54.4 52.8 54.4
582 54.7 52.7 54.7 54.7 53.1 54.7
583 55.1 53.4 55.1 55.1 53.5 55.1
584 54.9 53.6 54.9 55.4 53.8 55.4
585 55.1 53.1 55.1 55.8 54.2 55.8
586 55.9 54.6 55.9 56.1 54.5 56.1
587 56.1 54.6 56.1 56.5 54.9 56.5
588 56.8 54.8 56.8 56.8 55.3 56.8
589 56.5 55.2 56.5 57.2 55.6 57.2
590 57.7 56.0 57.7 57.6 56.0 57.6
591 57.7 55.7 57.7 57.9 56.4 57.9
592 57.6 56.5 57.6 58.3 56.7 58.3
593 58.8 57.0 58.8 58.7 57.1 58.7
594 59.4 57.7 59.4 59.0 57.5 59.1
595 58.8 57.4 58.8 59.4 57.8 59.4
596 59.5 57.6 59.5 59.8 58.2 59.8
597 60.9 59.7 60.9 60.2 58.6 60.2
598 60.2 58.8 60.2 60.5 59.0 60.6
599 61.3 59.3 61.3 60.9 59.3 60.9
600 60.9 59.7 60.9 61.3 59.7 61.3
601 61.9 60.2 61.9 61.7 60.1 61.7
602 62.6 60.9 62.6 62.1 60.5 62.1
603 62.6 61.2 62.6 62.4 60.9 62.4
604 62.6 60.8 62.6 62.8 61.2 62.8
605 64.0 62.7 64.0 63.2 61.6 63.2
606 62.9 61.3 62.9 63.6 62.0 63.6
607 63.4 61.6 63.4 64.0 62.4 64.0
608 63.9 62.7 63.9 64.3 62.8 64.3
609 64.8 63.1 64.8 64.7 63.1 64.7
610 64.9 63.3 64.9 65.1 63.5 65.1
611 64.8 63.4 64.8 65.5 63.9 65.5
612 65.6 63.8 65.6 65.8 64.3 65.9
613 66.4 65.0 66.4 66.2 64.6 66.2
614 66.6 65.0 66.6 66.6 65.0 66.6
615 66.9 65.0 66.9 67.0 65.4 67.0
616 67.2 65.9 67.2 67.3 65.8 67.3
617 67.1 65.3 67.1 67.7 66.1 67.7
618 67.8 66.1 67.8 68.1 66.5 68.1
619 68.0 66.7 68.0 68.4 66.9 68.4
620 68.9 67.2 68.9 68.8 67.2 68.8
621 69.5 67.9 69.5 69.2 67.6 69.2
622 68.4 67.0 68.4 69.5 67.9 69.5
623 68.8 67.1 68.8 69.9 68.3 69.9
624 70.1 68.7 70.1 70.2 68.7 70.2
625 71.5 70.0 71.5 70.6 69.0 70.6
626 70.6 68.8 70.6 70.9 69.4 70.9
627 70.8 69.4 70.8 71.3 69.7 71.3
628 71.2 69.6 71.2 71.6 70.0 71.6
629 71.3 69.7 71.3 72.0 70.4 72.0
630 71.9 70.4 71.9 72.3 70.7 72.3
631 72.8 71.1 72.8 72.6 71.1 72.6
632 72.4 70.7 72.4 73.0 71.4 73.0
633 72.9 71.4 72.9 73.3 71.7 73.3
634 72.2 70.6 72.2 73.6 72.0 73.6
635 73.7 72.0 73.7 73.9 72.4 73.9
636 74.0 72.6 74.0 74.3 72.7 74.3
637 74.1 72.5 74.1 74.6 73.0 74.6
638 74.8 73.0 74.8 74.9 73.3 74.9
639 74.8 73.3 74.8 75.2 73.6 75.2
640 75.0 73.4 75.0 75.5 73.9 75.5
641 74.7 72.9 74.7 75.8 74.2 75.8
642 75.4 73.9 75.4 76.1 74.5 76.1
643 75.9 74.5 75.9 76.4 74.8 76.4
644 76.2 74.4 76.2 76.7 75.1 76.7
645 76.8 75.2 76.8 76.9 75.4 76.9
646 75.9 74.6 75.9 77.2 75.6 77.2
647 77.4 75.8 77.4 77.5 75.9 77.5
648 77.5 75.8 77.5 77.8 76.2 77.8
649 77.1 75.6 77.1 78.0 76.4 78.0
650 78.2 76.9 78.2 78.3 76.7 78.3
651 78.3 76.6 78.3 78.5 77.0 78.5
652 79.0 77.2 79.0 78.8 77.2 78.8
653 78.6 77.1 78.6 79.0 77.5 79.0
654 79.3 77.8 79.3 79.3 77.7 79.3
655 79.8 78.1 79.8 79.5 77.9 79.5
656 79.4 77.7 79.4 79.7 78.2 79.8
657 79.0 77.6 79.0 80.0 78.4 80.0
658 79.4 78.2 79.4 80.2 78.6 80.2
659 79.9 78.2 79.9 80.4 78.8 80.4
660 80.8 79.0 80.8 80.6 79.1 80.6
661 80.6 79.0 80.6 80.9 79.3 80.9
662 80.6 79.2 80.6 81.1 79.5 81.1
663 81.2 79.7 81.2 81.3 79.7 81.3
664 80.7 79.0 80.7 81.5 79.9 81.5
665 81.6 79.8 81.6 81.7 80.1 81.7
666 81.5 80.0 81.5 81.9 80.3 81.9
667 81.6 80.2 81.6 82.0 80.5 82.0
668 81.9 80.4 81.9 82.2 80.6 82.2
669 82.4 80.7 82.4 82.4 80.8 82.4
670 82.8 81.1 82.8 82.6 81.0 82.6
671 82.7 81.2 82.7 82.7 81.2 82.7
672 82.6 81.2 82.6 82.9 81.3 82.9
673 83.0 81.7 83.0 83.1 81.5 83.1
674 83.1 81.5 83.1 83.2 81.7 83.2
675 83.3 81.7 83.3 83.4 81.8 83.4
676 82.9 81.2 82.9 83.5 82.0 83.5
677 83.4 81.6 83.4 83.7 82.1 83.7
678 83.5 82.0 83.5 83.8 82.2 83.8
679 83.4 82.0 83.4 84.0 82.4 84.0
680 84.2 82.6 84.2 84.1 82.5 84.1
681 83.7 82.1 83.7 84.2 82.6 84.2
682 83.8 82.1 83.8 84.4 82.8 84.4
683 84.8 83.0 84.8 84.5 82.9 84.5
684 84.9 83.2 84.9 84.6 83.0 84.6
685 84.7 83.1 84.7 84.7 83.1 84.7
686 84.7 83.2 84.7 84.8 83.3 84.8
687 84.6 83.1 84.6 84.9 83.4 84.9
688 84.6 83.0 84.6 85.0 83.5 85.1
689 85.6 84.1 85.6 85.2 83.6 85.2
690 85.2 83.6 85.2 85.3 83.7 85.3
691 85.7 84.1 85.7 85.3 83.8 85.4
692 86.0 84.4 86.0 85.4 83.9 85.4
693 85.8 84.2 85.8 85.5 84.0 85.5
694 85.4 83.9 85.4 85.6 84.0 85.6
695 85.8 84.2 85.8 85.7 84.1 85.7
696 85.8 84.3 85.8 85.8 84.2 85.8
697 85.9 84.5 85.9 85.9 84.3 85.9
698 85.8 84.4 85.9 85.9 84.4 86.0
699 86.2 84.7 86.2 86.0 84.4 86.0
700 86.1 84.5 86.1 86.1 84.5 86.1
701 86.9 85.3 86.9 86.2 84.6 86.2
702 85.3 83.8 85.3 86.2 84.7 86.2
703 86.5 84.9 86.5 86.3 84.7 86.3
704 86.6 85.1 86.6 86.4 84.8 86.4
705 86.4 84.8 86.4 86.4 84.8 86.4
706 86.2 84.6 86.2 86.5 84.9 86.5
707 85.9 84.4 85.9 86.5 85.0 86.5
708 85.9 84.4 85.9 86.6 85.0 86.6
709 86.7 85.2 86.7 86.6 85.1 86.6
710 86.5 84.9 86.5 86.7 85.1 86.7
711 86.6 85.1 86.6 86.7 85.2 86.7
712 86.5 84.9 86.5 86.8 85.2 86.8
713 86.6 85.1 86.6 86.8 85.3 86.8
714 87.0 85.4 87.1 86.9 85.3 86.9
715 86.5 85.0 86.7 86.9 85.3 86.9
716 87.7 86.3 87.9 87.0 85.4 87.0
717 86.4 84.7 86.4 87.0 85.4 87.0
718 87.1 85.4 87.1 87.0 85.5 87.0
719 87.3 85.6 87.3 87.1 85.5 87.1
720 88.1 86.5 88.1 87.1 85.5 87.1
721 87.4 85.8 87.4 87.1 85.6 87.1
722 87.1 85.4 87.1 87.2 85.6 87.2
723 86.8 85.2 86.8 87.2 85.6 87.2
724 86.7 85.1 86.7 87.2 85.6 87.2
725 87.8 86.1 87.8 87.2 85.7 87.3
726 87.1 85.5 87.1 87.3 85.7 87.3
727 88.2 86.6 88.2 87.3 85.7 87.3
728 87.1 85.4 87.1 87.3 85.7 87.3
729 87.4 85.8 87.4 87.3 85.8 87.4
730 87.9 86.3 87.9 87.4 85.8 87.4
731 87.4 85.8 87.4 87.4 85.8 87.4
732 86.8 85.3 86.8 87.4 85.8 87.4
733 87.1 85.6 87.1 87.4 85.8 87.4
734 88.2 86.7 88.2 87.4 85.9 87.4
735 87.7 86.2 87.7 87.5 85.9 87.5
736 87.8 86.3 87.8 87.5 85.9 87.5
737 87.1 85.6 87.1 87.5 85.9 87.5
738 88.2 86.7 88.2 87.5 85.9 87.5
739 86.7 85.2 86.7 87.5 85.9 87.5
740 87.9 86.4 87.9 87.5 86.0 87.5
741 87.7 86.2 87.7 87.6 86.0 87.6
742 88.1 86.6 88.1 87.6 86.0 87.6
743 88.0 86.5 88.0 87.6 86.0 87.6
744 88.1 86.5 88.1 87.6 86.0 87.6
745 87.8 86.2 87.8 87.6 86.0 87.6
746 88.0 86.5 88.0 87.6 86.0 87.6
747 87.7 86.2 87.7 87.6 86.0 87.6
748 87.5 86.0 87.5 87.6 86.0 87.6
749 87.2 85.7 87.2 87.6 86.1 87.6
750 87.0 85.5 87.0 87.6 86.1 87.6
751 87.7 86.2 87.7 87.6 86.1 87.7
752 87.5 86.0 87.5 87.7 86.1 87.7
753 87.5 86.0 87.5 87.7 86.1 87.7
754 88.1 86.5 88.1 87.7 86.1 87.7
755 87.6 86.0 87.6 87.7 86.1 87.7
756 86.4 84.9 86.4 87.7 86.1 87.7
757 87.6 86.0 87.6 87.7 86.1 87.7
758 87.7 86.1 87.7 87.7 86.1 87.7
759 87.8 86.3 87.8 87.7 86.1 87.7
760 87.2 85.7 87.3 87.7 86.1 87.7
761 87.9 86.4 88.0 87.7 86.1 87.7
762 87.8 86.3 87.9 87.7 86.1 87.7
763 87.4 85.9 87.4 87.7 86.1 87.7
764 87.2 85.7 87.3 87.7 86.1 87.7
765 87.4 85.9 87.5 87.7 86.1 87.7
766 87.6 86.2 87.7 87.7 86.1 87.7
767 87.6 86.1 87.7 87.7 86.1 87.7
768 87.5 86.0 87.6 87.7 86.2 87.7
769 88.2 86.8 88.3 87.7 86.2 87.7
770 88.3 86.8 88.4 87.7 86.2 87.7
771 88.2 86.7 88.2 87.7 86.2 87.7
772 87.2 85.7 87.3 87.7 86.2 87.7
773 87.6 86.1 87.6 87.7 86.2 87.7
774 87.6 86.2 87.7 87.7 86.2 87.7
775 88.2 86.7 88.3 87.7 86.2 87.8
776 87.8 86.4 87.9 87.7 86.2 87.8
777 87.3 85.8 87.4 87.8 86.2 87.8
778 87.5 86.0 87.6 87.8 86.2 87.8
779 87.4 85.9 87.5 87.8 86.2 87.8
780 88.1 86.6 88.2 87.8 86.2 87.8
781 87.3 85.8 87.4 87.8 86.2 87.8
782 87.7 86.2 87.8 87.8 86.2 87.8
783 87.7 86.2 87.8 87.8 86.2 87.8
784 87.3 85.8 87.4 87.8 86.2 87.8
785 88.0 86.5 88.1 87.8 86.2 87.8
786 87.2 85.8 87.3 87.8 86.2 87.8
787 87.6 86.1 87.7 87.8 86.2 87.8
788 87.6 86.1 87.7 87.8 86.2 87.8
789 87.7 86.2 87.8 87.8 86.2 87.8
790 87.6 86.1 87.7 87.8 86.2 87.8
791 88.0 86.5 88.1 87.8 86.2 87.8
792 87.9 86.5 88.0 87.8 86.2 87.8
793 88.0 86.5 88.1 87.8 86.2 87.8
794 88.0 86.6 88.1 87.8 86.2 87.8
795 87.7 86.2 87.8 87.8 86.2 87.8
796 87.8 86.3 87.8 87.8 86.2 87.8
797 87.5 86.0 87.6 87.8 86.2 87.8
798 88.0 86.5 88.1 87.8 86.2 87.8
799 87.5 86.0 87.6 87.8 86.2 87.8
800 87.6 86.1 87.7 87.8 86.2 87.8
801 86.9 85.4 87.0 87.8 86.2 87.8
802 87.8 86.3 87.9 87.8 86.2 87.8
803 87.8 86.3 87.9 87.8 86.2 87.8
804 87.7 86.2 87.8 87.8 86.2 87.8
