0.000000
0.012367
0.029722
0.042856
0.053500
0.070144
0.086567
0.102989
0.119244
0.136456
0.152333
0.169089
0.185844
0.202600
0.219356
0.236800
0.252478
1.503611
1.519544
1.535878
1.552600
1.569322
1.585867
1.602411
1.619067
1.636056
1.652578
1.669211
1.686356
1.702567
1.719322
1.735978
1.786856
1.820867
1.823500
1.836533
1.853356
1.871967
1.888000
1.904422
1.920844
1.938100
1.954733
1.971267
1.987300
2.003811
2.021100
2.036978
2.053756
2.070967
2.087244
2.103722
2.120200
2.136678
2.152956
2.169556
2.186911
2.203089
2.219922
2.237022
2.253511
2.270778
2.286956
2.303322
2.319956
2.336589
2.353222
2.853800
2.869611
2.886689
2.902822
2.919444
2.936600
2.953011
2.970189
2.986178
3.003233
3.019856
3.036289
3.053356
3.069767
3.086433
3.103100
3.119767
