picture_oracle: mode=no_picture screenshot=/home/jeremyking/projects/metro-launcher/docs/plan/qa/phase-12/E11/a-default-start.png 1080x2340 dump=/home/jeremyking/projects/metro-launcher/docs/plan/qa/phase-12/E11/a-default-start.xml nodes=58 viewport=[0, 0, 1080, 2196] (dump start_page) numpy=True
  accent=0078D7 alpha=1.000 (LITERAL from the caller, never computed here) scroll=0.0 layer_scale=1.30
  tile tile:slot:PEOPLE bounds [9, 84, 352, 427] (343 x 343 px)
GUTTER VALIDATION (5x5 patches, tol +-2.0 per channel mean, expecting black (no picture))
  cell     xy             screenshot               oracle                   diff                     verdict
  0,1      132,431        (   0.0,   0.0,   0.0)   (   0.0,   0.0,   0.0)   (   0.0,   0.0,   0.0)   ok
  0,2      132,787        (   0.0,   0.0,   0.0)   (   0.0,   0.0,   0.0)   (   0.0,   0.0,   0.0)   ok
  0,3      132,1278       (   0.0,   0.0,   0.0)   (   0.0,   0.0,   0.0)   (   0.0,   0.0,   0.0)   ok
  0,4      132,1644       (   0.0,   0.0,   0.0)   (   0.0,   0.0,   0.0)   (   0.0,   0.0,   0.0)   ok
  0,5      132,1927       (   0.0,   0.0,   0.0)   (   0.0,   0.0,   0.0)   (   0.0,   0.0,   0.0)   ok
  1,0      357,180        (   0.0,   0.0,   0.0)   (   0.0,   0.0,   0.0)   (   0.0,   0.0,   0.0)   ok
  1,1      402,431        (   0.0,   0.0,   0.0)   (   0.0,   0.0,   0.0)   (   0.0,   0.0,   0.0)   ok
  1,2      402,787        (   0.0,   0.0,   0.0)   (   0.0,   0.0,   0.0)   (   0.0,   0.0,   0.0)   ok
  1,3      402,1278       (   0.0,   0.0,   0.0)   (   0.0,   0.0,   0.0)   (   0.0,   0.0,   0.0)   ok
  1,4      402,1644       (   0.0,   0.0,   0.0)   (   0.0,   0.0,   0.0)   (   0.0,   0.0,   0.0)   ok
  1,5      357,2010       (   0.0,   0.0,   0.0)   (   0.0,   0.0,   0.0)   (   0.0,   0.0,   0.0)   ok
  2,0      711,180        (   0.0,   0.0,   0.0)   (   0.0,   0.0,   0.0)   (   0.0,   0.0,   0.0)   ok
  2,1      711,546        (   0.0,   0.0,   0.0)   (   0.0,   0.0,   0.0)   (   0.0,   0.0,   0.0)   ok
  2,2      711,912        (   0.0,   0.0,   0.0)   (   0.0,   0.0,   0.0)   (   0.0,   0.0,   0.0)   ok
  2,3      672,1278       (   0.0,   0.0,   0.0)   (   0.0,   0.0,   0.0)   (   0.0,   0.0,   0.0)   ok
  2,4      672,1644       (   0.0,   0.0,   0.0)   (   0.0,   0.0,   0.0)   (   0.0,   0.0,   0.0)   ok
  2,5      711,2010       (   0.0,   0.0,   0.0)   (   0.0,   0.0,   0.0)   (   0.0,   0.0,   0.0)   ok
  3,0      1067,180       (   0.0,   0.0,   0.0)   (   0.0,   0.0,   0.0)   (   0.0,   0.0,   0.0)   ok
  3,1      942,431        (   0.0,   0.0,   0.0)   (   0.0,   0.0,   0.0)   (   0.0,   0.0,   0.0)   ok
  3,2      942,963        (   0.0,   0.0,   0.0)   (   0.0,   0.0,   0.0)   (   0.0,   0.0,   0.0)   ok
  3,3      942,1278       (   0.0,   0.0,   0.0)   (   0.0,   0.0,   0.0)   (   0.0,   0.0,   0.0)   ok
  3,4      942,1644       (   0.0,   0.0,   0.0)   (   0.0,   0.0,   0.0)   (   0.0,   0.0,   0.0)   ok
  3,5      942,1927       (   0.0,   0.0,   0.0)   (   0.0,   0.0,   0.0)   (   0.0,   0.0,   0.0)   ok
  23 patches over 23 cells; worst per-channel mean diff 0.00; 0 mismatch
  gutter validation OK: the gutters are black (no picture)
TILE PATCH SELECTION in [9, 84, 352, 427] (9x9 patches; edges 3 px, label band 70 px, icon square [96,171]-[264,339] excluded)
  391 candidates: 391 accepted (12 chosen), rejected none
TILE PATCH ASSERTIONS (T = accent +- 2 (no picture))
  xy         T                        B                        expected                 diff                     verdict
  12,87      (   0.0, 120.0, 215.0)   -                        (   0.0, 120.0, 215.0)   (   0.0,   0.0,   0.0)   ok
  48,87      (   0.0, 120.0, 215.0)   -                        (   0.0, 120.0, 215.0)   (   0.0,   0.0,   0.0)   ok
  96,87      (   0.0, 120.0, 215.0)   -                        (   0.0, 120.0, 215.0)   (   0.0,   0.0,   0.0)   ok
  132,87     (   0.0, 120.0, 215.0)   -                        (   0.0, 120.0, 215.0)   (   0.0,   0.0,   0.0)   ok
  180,87     (   0.0, 120.0, 215.0)   -                        (   0.0, 120.0, 215.0)   (   0.0,   0.0,   0.0)   ok
  264,87     (   0.0, 120.0, 215.0)   -                        (   0.0, 120.0, 215.0)   (   0.0,   0.0,   0.0)   ok
  12,171     (   0.0, 120.0, 215.0)   -                        (   0.0, 120.0, 215.0)   (   0.0,   0.0,   0.0)   ok
  276,171    (   0.0, 120.0, 215.0)   -                        (   0.0, 120.0, 215.0)   (   0.0,   0.0,   0.0)   ok
  12,255     (   0.0, 120.0, 215.0)   -                        (   0.0, 120.0, 215.0)   (   0.0,   0.0,   0.0)   ok
  276,255    (   0.0, 120.0, 215.0)   -                        (   0.0, 120.0, 215.0)   (   0.0,   0.0,   0.0)   ok
  12,339     (   0.0, 120.0, 215.0)   -                        (   0.0, 120.0, 215.0)   (   0.0,   0.0,   0.0)   ok
  276,339    (   0.0, 120.0, 215.0)   -                        (   0.0, 120.0, 215.0)   (   0.0,   0.0,   0.0)   ok
RESULT PASS 12 patches: T = accent +- 2; 23 gutter patches black
